177	288	0.0
174	56	0.0
107	131	0.0
1	271	0.0
323	163	0.0
195	328	0.0
310	69	0.0
210	217	0.0
75	310	0.0
217	146	0.0
122	57	0.0
308	321	0.0
231	159	0.0
304	236	0.0
30	202	0.0
240	16	0.0
182	195	0.0
148	273	0.0
227	212	0.0
30	4	0.0
118	16	0.0
174	201	0.0
160	188	0.0
1	251	0.0
108	316	0.0
198	55	0.0
204	150	0.0
152	78	0.0
249	106	0.0
39	316	0.0
185	143	0.0
272	164	0.0
228	185	0.0
30	54	0.0
122	135	0.0
280	173	0.0
272	199	0.0
19	42	0.0
311	51	0.0
201	61	0.0
56	55	0.0
243	64	0.0
245	227	0.0
54	46	0.0
250	115	0.0
295	282	0.0
107	282	0.0
75	98	0.0
262	56	0.0
132	7	0.0
136	46	0.0
145	301	0.0
245	18	0.0
107	12	0.0
279	304	0.0
30	158	0.0
27	38	0.0
182	266	0.0
231	170	0.0
101	282	0.0
296	308	0.0
158	183	0.0
299	157	0.0
181	217	0.0
226	183	0.0
88	252	0.0
54	292	0.0
262	222	0.0
313	241	0.0
108	252	0.0
14	164	0.0
240	54	0.0
286	34	0.0
210	140	0.0
183	282	0.0
41	114	0.0
30	38	0.0
193	24	0.0
278	25	0.0
14	296	0.0
56	99	0.0
226	289	0.0
200	283	0.0
82	217	0.0
115	31	0.0
264	64	0.0
270	117	0.0
252	61	0.0
63	286	0.0
201	254	0.0
103	136	0.0
132	271	0.0
280	2	0.0
115	71	0.0
119	117	0.0
174	253	0.0
15	55	0.0
19	268	0.0
152	95	0.0
265	106	0.0
57	266	0.0
231	251	0.0
292	313	0.0
252	51	0.0
283	170	0.0
122	253	0.0
80	208	0.0
106	288	0.0
278	7	0.0
177	222	0.0
316	310	0.0
116	268	0.0
209	220	0.0
33	266	0.0
135	22	0.0
303	321	0.0
210	122	0.0
63	160	0.0
7	302	0.0
201	150	0.0
250	316	0.0
265	173	0.0
236	328	0.0
39	12	0.0
27	228	0.0
279	97	0.0
222	103	0.0
301	25	0.0
243	259	0.0
27	144	0.0
14	220	0.0
54	259	0.0
186	252	0.0
219	80	0.0
14	200	0.0
148	299	0.0
197	328	0.0
151	183	0.0
200	193	0.0
276	22	0.0
160	135	0.0
101	145	0.0
285	273	0.0
20	16	0.0
197	16	0.0
177	255	0.0
306	324	0.0
222	137	0.0
27	24	0.0
54	285	0.0
235	255	0.0
235	289	0.0
197	170	0.0
20	97	0.0
201	4	0.0
248	144	0.0
98	146	0.0
326	185	0.0
141	270	0.0
145	163	0.0
41	57	0.0
310	253	0.0
99	109	0.0
91	42	0.0
36	56	0.0
252	69	0.0
174	132	0.0
231	22	0.0
89	69	0.0
219	77	0.0
305	2	0.0
209	173	0.0
57	209	0.0
303	114	0.0
151	124	0.0
44	183	0.0
97	212	0.0
198	308	0.0
61	209	0.0
217	208	0.0
57	224	0.0
323	208	0.0
294	267	0.0
91	231	0.0
222	44	0.0
83	283	0.0
158	247	0.0
199	7	0.0
167	42	0.0
276	247	0.0
149	238	0.0
201	142	0.0
199	120	0.0
83	269	0.0
25	285	0.0
294	285	0.0
245	326	0.0
23	231	0.0
23	226	0.0
82	59	0.0
92	285	0.0
267	71	0.0
92	109	0.0
218	16	0.0
12	109	0.0
135	120	0.0
186	31	0.0
210	313	0.0
69	327	0.0
193	321	0.0
47	42	0.0
283	259	0.0
19	191	0.0
328	143	0.0
27	102	0.0
224	220	0.0
198	183	0.0
278	89	0.0
294	193	0.0
255	37	0.0
286	24	0.0
181	24	0.0
1	83	0.0
114	259	0.0
22	51	0.0
328	285	0.0
312	305	0.0
294	173	0.0
265	327	0.0
1	55	0.0
47	285	0.0
182	82	0.0
271	251	0.0
19	18	0.0
300	31	0.0
201	324	0.0
209	290	0.0
56	64	0.0
310	285	0.0
227	301	0.0
148	37	0.0
271	266	0.0
103	217	0.0
228	313	0.0
36	301	0.0
1	14	0.0
265	174	0.0
252	202	0.0
164	131	0.0
141	202	0.0
290	321	0.0
229	47	0.0
39	263	0.0
323	276	0.0
114	243	0.0
185	308	0.0
135	3	0.0
186	255	0.0
14	173	0.0
299	104	0.0
191	106	0.0
12	37	0.0
311	263	0.0
186	310	0.0
250	294	0.0
12	295	0.0
12	282	0.0
288	282	0.0
201	198	0.0
311	301	0.0
278	323	0.0
306	302	0.0
278	302	0.0
198	247	0.0
292	269	0.0
210	74	0.0
303	219	0.0
306	183	0.0
318	251	0.0
312	227	0.0
204	212	0.0
262	282	0.0
142	200	0.0
264	25	0.0
248	296	0.0
82	204	0.0
191	109	0.0
288	24	0.0
312	183	0.0
61	264	0.0
262	310	0.0
86	80	0.0
166	64	0.0
142	20	0.0
167	61	0.0
252	55	0.0
102	38	0.0
272	321	0.0
142	22	0.0
54	25	0.0
250	18	0.0
95	238	0.0
222	158	0.0
142	16	0.0
4	46	0.0
177	318	0.0
324	150	0.0
308	290	0.0
95	181	0.0
294	64	0.0
302	150	0.0
294	228	0.0
33	20	0.0
95	124	0.0
92	118	0.0
102	247	0.0
304	167	0.0
59	285	0.0
75	4	0.0
160	104	0.0
114	28	0.0
74	48	0.0
148	188	0.0
287	299	0.0
188	285	0.0
255	118	0.0
27	295	0.0
245	286	0.0
326	295	0.0
224	25	0.0
198	326	0.0
36	152	0.0
248	269	0.0
28	46	0.0
294	197	0.0
226	145	0.0
114	241	0.0
327	64	0.0
25	318	0.0
75	264	0.0
316	115	0.0
1	254	0.0
286	306	0.0
104	290	0.0
75	306	0.0
311	107	0.0
23	69	0.0
195	143	0.0
316	2	0.0
89	290	0.0
104	295	0.0
218	288	0.0
195	109	0.0
177	25	0.0
151	270	0.0
289	109	0.0
82	22	0.0
82	113	0.0
286	269	0.0
195	18	0.0
181	321	0.0
279	193	0.0
54	227	0.0
199	95	0.0
174	83	0.0
64	120	0.0
228	227	0.0
219	209	0.0
186	163	0.0
91	308	0.0
207	160	0.0
271	28	0.0
164	301	0.0
14	18	0.0
115	321	0.0
19	310	0.0
1	122	0.0
15	151	0.0
289	328	0.0
67	197	0.0
83	285	0.0
323	109	0.0
183	208	0.0
262	47	0.0
268	241	0.0
235	92	0.0
311	282	0.0
313	173	0.0
304	247	0.0
197	181	0.0
26	25	0.0
14	28	0.0
308	42	0.0
267	12	0.0
286	185	0.0
219	118	0.0
25	97	0.0
89	292	0.0
300	101	0.0
318	254	0.0
59	164	0.0
108	117	0.0
3	202	0.0
313	28	0.0
262	117	0.0
294	16	0.0
279	285	0.0
138	143	0.0
198	7	0.0
142	227	0.0
167	103	0.0
228	285	0.0
82	197	0.0
95	158	0.0
278	103	0.0
36	15	0.0
283	308	0.0
102	22	0.0
47	54	0.0
103	117	0.0
114	209	0.0
236	34	0.0
132	131	0.0
279	191	0.0
273	31	0.0
108	197	0.0
98	117	0.0
248	28	0.0
236	321	0.0
4	313	0.0
83	245	0.0
296	44	0.0
95	308	0.0
229	208	0.0
312	141	0.0
30	264	0.0
142	245	0.0
12	212	0.0
19	269	0.0
131	302	0.0
98	202	0.0
186	12	0.0
252	243	0.0
271	263	0.0
148	15	0.0
27	22	0.0
200	20	0.0
149	109	0.0
141	42	0.0
300	98	0.0
272	145	0.0
204	247	0.0
210	294	0.0
57	295	0.0
1	268	0.0
59	302	0.0
59	95	0.0
7	78	0.0
198	290	0.0
160	327	0.0
224	193	0.0
294	222	0.0
259	109	0.0
152	200	0.0
252	249	0.0
310	151	0.0
166	290	0.0
122	95	0.0
98	16	0.0
69	321	0.0
67	252	0.0
102	109	0.0
108	217	0.0
56	263	0.0
235	195	0.0
245	251	0.0
291	141	0.0
306	38	0.0
122	132	0.0
240	47	0.0
251	254	0.0
248	181	0.0
197	34	0.0
49	137	0.0
199	185	0.0
276	263	0.0
210	199	0.0
265	82	0.0
122	217	0.0
18	46	0.0
44	144	0.0
313	55	0.0
279	183	0.0
198	107	0.0
204	255	0.0
26	98	0.0
57	51	0.0
323	103	0.0
167	80	0.0
26	218	0.0
193	12	0.0
306	51	0.0
195	30	0.0
201	95	0.0
325	80	0.0
182	20	0.0
296	243	0.0
122	172	0.0
228	305	0.0
316	273	0.0
294	57	0.0
19	306	0.0
172	282	0.0
304	148	0.0
36	63	0.0
26	57	0.0
197	80	0.0
323	18	0.0
82	99	0.0
253	16	0.0
271	159	0.0
294	167	0.0
83	157	0.0
83	300	0.0
222	212	0.0
316	172	0.0
325	25	0.0
75	149	0.0
313	185	0.0
114	157	0.0
219	325	0.0
278	198	0.0
210	109	0.0
152	42	0.0
1	101	0.0
23	289	0.0
226	300	0.0
4	241	0.0
235	114	0.0
279	310	0.0
172	306	0.0
59	264	0.0
64	324	0.0
219	138	0.0
222	220	0.0
36	55	0.0
75	102	0.0
272	253	0.0
114	181	0.0
204	48	0.0
89	98	0.0
200	243	0.0
57	288	0.0
245	77	0.0
186	102	0.0
108	26	0.0
132	2	0.0
287	25	0.0
61	98	0.0
202	137	0.0
229	34	0.0
287	27	0.0
291	137	0.0
228	306	0.0
286	164	0.0
95	220	0.0
132	28	0.0
227	183	0.0
27	15	0.0
91	78	0.0
36	323	0.0
210	247	0.0
174	222	0.0
228	44	0.0
209	263	0.0
138	28	0.0
199	149	0.0
290	78	0.0
208	99	0.0
321	247	0.0
311	218	0.0
183	217	0.0
201	170	0.0
313	290	0.0
97	143	0.0
262	217	0.0
30	183	0.0
264	173	0.0
160	318	0.0
164	313	0.0
198	118	0.0
219	323	0.0
231	321	0.0
207	259	0.0
101	253	0.0
300	18	0.0
325	77	0.0
170	55	0.0
292	98	0.0
108	283	0.0
262	145	0.0
219	217	0.0
117	109	1.0
326	71	0.0
300	269	0.0
71	78	0.0
262	273	0.0
114	285	0.0
286	59	0.0
122	19	0.0
12	269	0.0
250	31	0.0
140	131	0.0
14	268	0.0
174	263	0.0
268	37	0.0
247	282	0.0
202	247	0.0
36	305	0.0
209	188	0.0
271	328	0.0
23	310	0.0
218	166	0.0
114	283	0.0
144	163	0.0
227	104	0.0
95	263	0.0
207	304	0.0
63	312	0.0
265	204	0.0
36	136	0.0
248	34	0.0
74	289	0.0
294	151	0.0
240	301	0.0
20	18	0.0
312	27	0.0
207	327	0.0
1	16	0.0
250	146	0.0
149	290	0.0
114	42	0.0
188	31	0.0
210	249	0.0
140	41	0.0
185	69	0.0
1	248	0.0
325	157	0.0
71	51	0.0
199	138	0.0
294	103	0.0
210	280	0.0
160	224	0.0
107	302	0.0
86	170	0.0
1	174	0.0
285	238	0.0
204	157	0.0
23	12	0.0
142	276	0.0
63	150	0.0
75	247	0.0
204	117	0.0
245	318	0.0
174	245	0.0
265	15	0.0
198	222	0.0
224	143	0.0
148	20	0.0
229	226	0.0
107	292	0.0
135	183	0.0
49	295	0.0
20	22	0.0
252	136	0.0
174	304	0.0
288	247	0.0
101	141	0.0
74	98	0.0
20	241	0.0
311	163	0.0
140	188	0.0
240	15	0.0
49	238	0.0
4	166	0.0
300	170	0.0
64	202	0.0
18	103	0.0
286	18	0.0
198	236	0.0
54	268	0.0
27	49	0.0
41	92	0.0
140	227	0.0
271	204	0.0
267	266	0.0
235	98	0.0
141	49	0.0
172	283	0.0
271	227	0.0
131	120	0.0
36	326	0.0
252	16	0.0
107	269	0.0
199	158	0.0
135	217	0.0
89	18	0.0
265	252	0.0
312	283	0.0
54	310	0.0
204	290	0.0
95	266	0.0
135	202	0.0
303	55	0.0
199	132	0.0
311	41	0.0
199	124	0.0
195	316	0.0
197	30	0.0
91	120	0.0
132	158	0.0
88	302	0.0
304	191	0.0
249	92	0.0
323	48	0.0
328	98	0.0
103	269	0.0
201	16	0.0
291	294	0.0
177	16	0.0
142	122	0.0
185	99	0.0
252	7	0.0
197	57	0.0
146	212	0.0
166	78	0.0
28	109	0.0
279	150	0.0
15	305	0.0
207	238	0.0
200	280	0.0
316	64	0.0
250	22	0.0
210	173	0.0
157	55	0.0
288	137	0.0
312	24	0.0
22	241	0.0
177	48	0.0
39	248	0.0
222	157	0.0
220	78	0.0
23	80	0.0
132	124	0.0
273	266	0.0
44	243	0.0
198	106	0.0
1	107	0.0
74	240	0.0
135	263	0.0
255	318	0.0
209	37	0.0
278	208	0.0
231	241	0.0
83	325	0.0
311	197	0.0
272	24	0.0
219	120	0.0
164	159	0.0
308	46	0.0
117	51	0.0
7	217	0.0
18	158	0.0
67	316	0.0
262	299	0.0
57	146	0.0
167	212	0.0
30	254	0.0
27	247	0.0
316	255	0.0
97	16	0.0
195	122	0.0
101	266	0.0
294	310	0.0
278	300	0.0
138	318	0.0
195	271	0.0
33	67	0.0
41	200	0.0
26	31	0.0
219	207	0.0
272	141	0.0
321	24	0.0
245	144	0.0
200	102	0.0
220	208	0.0
235	12	0.0
172	290	0.0
278	288	0.0
104	305	0.0
74	135	0.0
197	268	0.0
122	295	0.0
245	102	0.0
174	287	0.0
158	71	0.0
145	150	0.0
287	99	0.0
148	115	0.0
312	103	0.0
138	228	0.0
278	28	0.0
14	271	0.0
114	61	0.0
182	22	0.0
219	48	0.0
195	259	0.0
172	302	0.0
248	106	0.0
264	99	0.0
39	228	0.0
326	301	0.0
104	238	0.0
63	33	0.0
310	106	0.0
210	106	0.0
160	132	0.0
181	170	0.0
312	270	0.0
54	118	0.0
82	231	0.0
108	191	0.0
177	103	0.0
197	276	0.0
185	141	0.0
304	7	0.0
269	208	0.0
181	228	0.0
235	308	0.0
115	227	0.0
327	31	0.0
195	325	0.0
39	222	0.0
182	37	0.0
15	166	0.0
92	157	0.0
95	247	0.0
14	114	0.0
97	46	0.0
7	308	0.0
80	305	0.0
108	135	0.0
152	98	0.0
136	266	0.0
301	241	0.0
304	33	0.0
201	308	0.0
142	150	0.0
325	226	0.0
80	263	0.0
167	318	0.0
183	24	0.0
228	318	0.0
89	20	0.0
92	166	0.0
236	132	0.0
186	144	0.0
23	16	0.0
23	141	0.0
19	3	0.0
288	321	0.0
186	266	0.0
89	204	0.0
57	328	0.0
19	266	0.0
39	137	0.0
20	54	0.0
204	268	0.0
306	188	0.0
228	49	0.0
14	255	0.0
249	2	0.0
289	118	0.0
15	173	0.0
82	199	0.0
33	34	1.0
308	150	0.0
77	285	0.0
323	117	0.0
310	220	0.0
249	306	0.0
222	101	0.0
182	151	0.0
301	137	0.0
131	318	0.0
313	120	0.0
200	97	0.0
117	97	0.0
132	288	0.0
300	183	0.0
323	98	0.0
210	276	0.0
36	248	0.0
249	324	0.0
144	97	0.0
269	99	0.0
191	15	0.0
210	218	0.0
115	102	0.0
219	271	0.0
98	64	0.0
41	292	0.0
220	159	0.0
44	276	0.0
22	150	0.0
167	255	0.0
38	109	0.0
23	282	0.0
198	318	0.0
251	282	0.0
20	109	0.0
172	328	0.0
283	295	0.0
226	220	0.0
122	288	0.0
193	282	0.0
280	64	0.0
74	290	0.0
197	273	0.0
23	15	0.0
103	270	0.0
63	299	0.0
117	146	0.0
3	173	0.0
67	158	0.0
212	238	0.0
77	290	0.0
36	27	0.0
280	188	0.0
177	197	0.0
229	164	0.0
240	280	0.0
82	44	0.0
270	55	0.0
262	159	0.0
210	195	0.0
313	218	0.0
91	289	0.0
136	269	0.0
157	259	0.0
313	266	0.0
25	183	0.0
279	312	0.0
210	181	0.0
177	44	0.0
262	163	0.0
67	282	0.0
47	120	0.0
152	106	0.0
108	131	0.0
27	296	0.0
303	263	0.0
167	102	0.0
207	18	0.0
157	280	0.0
294	104	0.0
252	64	0.0
182	308	0.0
138	267	0.0
186	170	0.0
115	117	1.0
91	212	0.0
148	296	0.0
245	207	0.0
294	150	0.0
33	146	0.0
132	15	0.0
177	312	0.0
229	118	0.0
248	264	0.0
26	117	0.0
327	173	0.0
240	150	0.0
311	122	0.0
306	282	0.0
294	55	0.0
28	42	0.0
228	267	0.0
251	49	0.0
20	254	0.0
240	327	0.0
300	224	0.0
23	82	0.0
226	31	0.0
59	22	0.0
102	212	0.0
219	44	0.0
321	259	0.0
107	92	0.0
249	98	0.0
144	327	0.0
59	282	0.0
174	38	0.0
138	185	0.0
201	57	0.0
267	54	0.0
75	151	0.0
271	12	0.0
1	311	0.0
249	42	0.0
101	204	0.0
324	321	0.0
265	18	0.0
198	270	0.0
1	224	0.0
177	218	0.0
44	324	0.0
27	252	0.0
57	54	0.0
287	103	0.0
222	308	0.0
71	238	0.0
12	208	0.0
39	140	0.0
195	231	0.0
91	228	0.0
304	102	0.0
240	220	0.0
33	285	0.0
152	305	0.0
34	144	0.0
26	172	0.0
316	99	0.0
316	193	0.0
291	106	0.0
106	263	0.0
218	173	0.0
80	238	0.0
91	252	0.0
235	263	0.0
306	137	0.0
283	3	0.0
86	28	0.0
252	159	0.0
264	136	0.0
177	305	0.0
188	131	0.0
36	289	0.0
54	209	0.0
89	136	0.0
323	222	0.0
145	188	0.0
25	150	0.0
228	132	0.0
200	22	0.0
231	324	0.0
306	24	0.0
88	167	0.0
311	267	0.0
137	109	0.0
286	92	0.0
236	75	0.0
23	31	0.0
283	48	0.0
325	254	0.0
23	254	0.0
195	268	0.0
132	227	0.0
160	305	0.0
182	71	0.0
186	64	0.0
74	321	0.0
311	199	0.0
115	16	0.0
91	63	0.0
207	282	0.0
191	116	0.0
172	80	0.0
224	285	0.0
311	308	0.0
163	143	0.0
138	71	0.0
316	4	0.0
108	251	0.0
198	64	0.0
268	119	0.0
245	38	0.0
54	124	0.0
219	75	0.0
89	33	0.0
47	218	0.0
158	208	0.0
20	218	0.0
264	308	0.0
199	327	0.0
195	71	0.0
140	299	0.0
303	148	0.0
1	267	0.0
255	253	0.0
291	198	0.0
287	146	0.0
160	204	0.0
303	109	0.0
119	64	0.0
136	212	0.0
26	38	0.0
229	202	0.0
34	166	0.0
207	183	0.0
82	15	0.0
218	28	0.0
303	131	0.0
44	306	0.0
241	24	0.0
92	188	0.0
164	267	0.0
229	327	0.0
39	114	0.0
3	212	0.0
217	273	0.0
14	82	0.0
108	227	0.0
235	236	1.0
74	77	0.0
174	16	0.0
120	321	0.0
220	49	0.0
23	67	0.0
249	282	0.0
283	227	0.0
22	290	0.0
75	228	0.0
325	107	0.0
39	278	0.0
245	26	0.0
326	209	0.0
310	80	0.0
306	220	0.0
132	305	0.0
252	228	0.0
222	48	0.0
181	327	0.0
75	135	0.0
140	117	0.0
218	268	0.0
115	251	0.0
248	224	0.0
183	254	0.0
279	188	0.0
304	137	0.0
172	247	0.0
278	326	0.0
149	285	0.0
86	302	0.0
67	295	0.0
89	61	0.0
172	135	0.0
172	144	0.0
83	61	0.0
326	135	0.0
61	137	0.0
136	193	0.0
236	115	0.0
193	268	0.0
102	149	0.0
27	103	0.0
57	102	0.0
229	49	0.0
108	285	0.0
108	318	0.0
4	251	0.0
272	148	0.0
229	290	0.0
199	61	0.0
28	16	0.0
306	141	0.0
63	24	0.0
18	288	0.0
249	218	0.0
19	12	0.0
177	142	0.0
28	166	0.0
80	149	0.0
228	282	0.0
67	34	0.0
27	30	0.0
152	69	0.0
191	7	0.0
164	292	0.0
207	24	0.0
91	151	0.0
124	146	0.0
140	27	0.0
220	247	0.0
26	99	0.0
186	122	0.0
264	183	0.0
115	146	0.0
200	37	0.0
250	253	0.0
15	269	0.0
185	78	0.0
4	202	0.0
291	263	0.0
264	120	0.0
186	124	0.0
249	204	0.0
28	280	0.0
91	186	0.0
263	131	0.0
310	288	0.0
152	148	0.0
197	136	0.0
98	285	0.0
14	74	0.0
283	42	0.0
82	209	0.0
188	170	0.0
220	137	0.0
325	252	0.0
186	243	0.0
166	120	0.0
157	118	0.0
12	217	0.0
235	183	0.0
316	136	0.0
323	19	0.0
95	249	0.0
120	150	0.0
235	91	0.0
48	217	0.0
151	120	0.0
59	198	0.0
197	308	0.0
218	12	0.0
243	117	0.0
197	49	0.0
304	308	0.0
101	18	0.0
122	259	0.0
122	24	0.0
210	28	0.0
12	42	0.0
193	308	0.0
67	98	0.0
201	159	0.0
227	282	0.0
197	46	0.0
177	54	0.0
304	241	0.0
231	166	0.0
106	144	0.0
250	328	0.0
209	159	0.0
296	61	0.0
299	305	0.0
227	120	0.0
57	285	0.0
219	222	0.0
157	99	0.0
20	202	0.0
238	247	0.0
197	12	0.0
271	109	0.0
23	115	0.0
204	22	0.0
182	312	0.0
75	292	0.0
135	302	0.0
89	27	0.0
186	152	0.0
287	37	0.0
82	228	0.0
291	114	0.0
33	321	0.0
238	99	0.0
313	289	0.0
249	238	0.0
30	209	0.0
299	25	0.0
149	202	0.0
88	146	0.0
207	185	0.0
22	238	0.0
289	243	0.0
304	107	0.0
243	137	0.0
22	173	0.0
301	103	0.0
286	259	0.0
42	51	0.0
86	167	0.0
262	269	0.0
191	247	0.0
114	77	0.0
252	316	0.0
236	20	0.0
292	56	0.0
243	202	0.0
92	42	0.0
20	150	0.0
136	238	0.0
243	146	0.0
248	61	0.0
91	183	0.0
235	20	0.0
158	117	0.0
157	208	0.0
323	137	0.0
14	276	0.0
222	202	0.0
255	136	0.0
36	117	0.0
255	254	1.0
195	22	0.0
240	75	0.0
109	31	0.0
268	104	0.0
41	135	0.0
59	56	0.0
287	98	0.0
325	48	0.0
75	224	0.0
272	67	0.0
41	98	0.0
265	108	0.0
1	217	0.0
142	159	0.0
144	166	0.0
177	204	0.0
54	271	0.0
26	75	0.0
142	37	0.0
20	124	0.0
34	56	0.0
241	46	0.0
107	208	0.0
83	324	0.0
279	249	0.0
224	269	0.0
163	302	0.0
141	268	0.0
266	282	0.0
33	38	0.0
303	212	0.0
312	48	0.0
325	136	0.0
200	138	0.0
157	24	0.0
106	243	0.0
106	149	0.0
91	193	0.0
263	220	0.0
3	163	0.0
124	49	0.0
132	143	0.0
107	38	0.0
41	222	0.0
325	61	0.0
316	113	0.0
140	44	0.0
18	313	0.0
38	119	0.0
59	4	0.0
195	308	0.0
104	117	0.0
250	46	0.0
303	301	0.0
182	217	0.0
103	109	0.0
253	243	0.0
280	220	0.0
325	115	0.0
286	280	0.0
323	132	0.0
195	236	0.0
48	136	0.0
271	104	0.0
304	99	0.0
67	95	0.0
1	167	0.0
188	37	0.0
158	119	0.0
229	150	0.0
249	316	0.0
78	46	0.0
27	31	0.0
19	253	0.0
326	288	0.0
325	97	0.0
174	143	0.0
195	80	0.0
47	143	0.0
106	212	0.0
59	217	0.0
236	204	0.0
38	124	0.0
63	308	0.0
83	255	0.0
115	288	0.0
304	255	0.0
328	241	0.0
34	264	0.0
135	238	0.0
92	46	0.0
250	222	0.0
316	18	0.0
278	199	0.0
113	321	0.0
108	198	0.0
186	312	0.0
272	51	0.0
86	20	0.0
226	20	0.0
245	143	0.0
57	269	0.0
142	47	0.0
30	103	0.0
63	136	0.0
14	101	0.0
287	289	0.0
181	306	0.0
199	305	0.0
41	106	0.0
114	46	0.0
114	208	0.0
279	54	0.0
303	18	0.0
248	117	0.0
88	241	0.0
22	208	0.0
102	131	0.0
101	268	0.0
83	270	0.0
197	271	0.0
294	46	0.0
310	301	0.0
321	163	0.0
279	15	0.0
204	220	0.0
44	263	0.0
201	27	0.0
229	63	0.0
142	28	0.0
182	243	0.0
57	249	0.0
201	42	0.0
82	166	0.0
195	227	0.0
59	24	0.0
182	269	0.0
3	78	0.0
286	224	0.0
157	170	0.0
95	47	0.0
104	137	0.0
164	285	0.0
186	207	0.0
83	16	0.0
249	302	0.0
286	241	0.0
318	55	0.0
286	25	0.0
144	273	0.0
80	42	0.0
54	61	0.0
229	172	0.0
91	207	0.0
316	289	0.0
325	31	0.0
283	150	0.0
177	286	0.0
48	269	0.0
102	48	0.0
103	243	0.0
311	2	0.0
74	212	0.0
107	280	0.0
318	202	0.0
38	16	0.0
122	64	0.0
186	273	0.0
193	46	0.0
181	47	0.0
103	98	0.0
224	321	0.0
301	51	0.0
249	188	0.0
248	37	0.0
199	160	0.0
268	269	0.0
195	15	0.0
311	217	0.0
250	174	0.0
135	301	0.0
199	78	0.0
181	104	0.0
27	131	0.0
313	318	0.0
63	124	0.0
44	3	0.0
200	25	0.0
249	209	0.0
294	283	0.0
23	57	0.0
174	326	0.0
92	301	0.0
135	137	0.0
303	14	0.0
313	193	0.0
276	46	0.0
207	77	0.0
63	80	0.0
25	78	0.0
326	12	0.0
33	104	0.0
74	227	0.0
27	263	0.0
228	271	0.0
231	271	0.0
287	208	0.0
92	289	0.0
115	151	0.0
106	280	0.0
131	290	0.0
182	199	0.0
15	12	0.0
292	150	0.0
294	199	0.0
303	201	0.0
174	136	0.0
164	327	0.0
92	131	0.0
248	77	0.0
226	222	0.0
38	137	0.0
325	99	0.0
77	104	0.0
92	69	0.0
210	137	0.0
108	141	0.0
20	34	0.0
4	49	0.0
181	144	0.0
323	253	0.0
240	92	0.0
199	217	0.0
311	136	0.0
41	247	0.0
39	75	0.0
243	170	0.0
209	15	0.0
107	290	0.0
264	227	0.0
291	289	0.0
272	325	0.0
201	101	0.0
312	328	0.0
245	33	0.0
12	163	0.0
326	251	0.0
253	266	0.0
304	64	0.0
235	151	0.0
294	22	0.0
310	22	0.0
326	157	0.0
27	148	0.0
250	63	0.0
236	97	0.0
95	273	0.0
276	273	0.0
54	288	0.0
158	166	0.0
272	188	0.0
280	7	0.0
92	49	0.0
264	289	0.0
95	224	0.0
91	143	0.0
311	291	0.0
23	150	0.0
39	324	0.0
170	217	0.0
164	113	0.0
136	113	0.0
249	267	0.0
299	318	0.0
91	148	0.0
279	77	0.0
64	305	0.0
301	104	0.0
245	316	0.0
195	146	0.0
254	208	0.0
1	199	0.0
7	146	0.0
228	135	0.0
253	48	0.0
249	157	0.0
119	282	0.0
231	3	0.0
306	2	0.0
231	218	0.0
89	99	0.0
39	163	0.0
67	324	0.0
98	51	0.0
145	135	0.0
266	2	0.0
103	327	0.0
83	312	0.0
240	170	0.0
302	259	0.0
4	306	0.0
327	163	0.0
283	37	0.0
80	69	0.0
272	138	0.0
136	143	0.0
316	103	0.0
278	243	0.0
286	42	0.0
140	115	0.0
140	167	0.0
141	212	0.0
195	276	0.0
1	131	0.0
285	31	0.0
240	228	0.0
294	166	0.0
207	106	0.0
182	26	0.0
312	3	0.0
59	20	0.0
204	136	0.0
57	149	0.0
268	243	0.0
34	117	0.0
312	222	0.0
122	131	0.0
27	259	0.0
148	193	0.0
287	131	0.0
323	255	0.0
39	207	0.0
181	158	0.0
279	218	0.0
294	245	0.0
1	159	0.0
300	55	0.0
199	27	0.0
177	99	0.0
182	231	0.0
323	151	0.0
304	324	0.0
95	283	0.0
33	27	0.0
271	290	0.0
224	109	0.0
108	200	0.0
63	137	0.0
279	102	0.0
174	198	0.0
182	166	0.0
327	12	0.0
44	270	0.0
118	273	0.0
291	98	0.0
279	204	0.0
198	37	0.0
74	137	0.0
262	109	0.0
97	24	0.0
4	318	0.0
286	183	0.0
267	117	0.0
278	146	0.0
235	37	0.0
151	259	0.0
236	273	0.0
279	167	0.0
272	122	0.0
212	51	0.0
195	202	0.0
4	44	0.0
325	228	0.0
286	208	0.0
36	157	0.0
1	316	0.0
272	117	0.0
289	282	0.0
33	268	0.0
89	160	0.0
229	218	0.0
202	212	0.0
74	249	0.0
229	212	0.0
166	247	0.0
262	270	0.0
63	37	0.0
74	120	0.0
199	137	0.0
185	56	0.0
136	97	0.0
30	299	0.0
164	251	0.0
174	113	0.0
323	101	0.0
286	159	0.0
106	16	0.0
141	137	1.0
30	37	0.0
115	289	0.0
22	25	0.0
36	259	0.0
55	247	0.0
177	248	0.0
325	124	0.0
286	217	0.0
300	302	0.0
290	259	0.0
33	136	0.0
207	268	0.0
296	200	0.0
267	69	0.0
226	27	0.0
14	254	0.0
78	212	0.0
59	318	0.0
19	324	0.0
292	202	0.0
267	270	0.0
14	263	0.0
4	64	0.0
328	288	0.0
278	252	0.0
198	61	0.0
71	37	0.0
44	255	0.0
19	204	0.0
245	328	0.0
172	75	0.0
287	301	0.0
25	159	0.0
182	204	0.0
89	78	0.0
286	270	0.0
108	226	0.0
195	28	0.0
27	306	0.0
191	99	0.0
25	2	0.0
229	181	0.0
199	240	0.0
229	247	0.0
253	295	0.0
69	173	0.0
82	173	0.0
23	212	0.0
80	7	0.0
172	106	0.0
91	290	0.0
218	159	0.0
41	264	0.0
204	282	0.0
41	64	0.0
12	31	0.0
279	16	0.0
291	67	0.0
295	31	0.0
218	238	0.0
26	222	0.0
75	273	0.0
218	42	0.0
208	273	0.0
20	209	0.0
135	209	0.0
279	27	0.0
235	197	0.0
289	71	0.0
145	22	0.0
195	141	0.0
136	268	0.0
27	7	0.0
199	200	0.0
280	55	0.0
89	106	0.0
291	209	0.0
71	7	0.0
131	220	0.0
276	69	0.0
240	222	0.0
200	49	0.0
299	170	0.0
74	270	0.0
151	173	0.0
218	217	0.0
23	224	0.0
14	83	0.0
141	273	0.0
311	228	0.0
67	69	0.0
272	160	0.0
149	302	0.0
27	269	0.0
23	238	0.0
303	39	0.0
200	276	0.0
296	115	0.0
255	305	0.0
148	247	0.0
83	2	0.0
283	273	0.0
267	25	0.0
294	143	0.0
44	71	0.0
324	2	0.0
177	28	0.0
148	3	0.0
140	222	0.0
299	103	0.0
167	3	0.0
152	117	0.0
279	78	0.0
195	64	0.0
106	99	0.0
138	80	0.0
103	16	0.0
67	2	0.0
305	49	0.0
198	295	0.0
306	170	0.0
160	308	0.0
122	120	0.0
313	117	0.0
142	289	0.0
122	191	0.0
89	310	0.0
61	49	0.0
115	193	0.0
301	328	0.0
272	98	0.0
271	131	0.0
245	97	0.0
33	166	0.0
228	290	0.0
135	113	0.0
174	19	0.0
263	305	0.0
48	137	0.0
27	159	0.0
28	302	0.0
145	255	0.0
167	267	0.0
310	238	0.0
114	310	0.0
240	97	0.0
14	163	0.0
228	64	0.0
316	157	0.0
136	25	0.0
283	218	0.0
26	188	0.0
199	150	0.0
201	253	0.0
115	173	0.0
1	56	0.0
271	118	0.0
272	236	0.0
114	103	0.0
174	292	0.0
304	197	0.0
279	172	0.0
294	131	0.0
167	18	0.0
253	254	0.0
61	149	0.0
313	98	0.0
310	24	0.0
56	46	0.0
151	12	0.0
25	188	0.0
312	181	0.0
313	31	0.0
207	273	0.0
229	48	0.0
148	124	0.0
254	259	1.0
57	227	0.0
283	157	0.0
4	157	0.0
22	149	0.0
195	249	0.0
183	146	0.0
201	259	0.0
30	220	0.0
20	38	0.0
15	146	0.0
28	321	0.0
279	278	0.0
195	222	0.0
236	109	0.0
292	204	0.0
83	193	0.0
182	159	0.0
313	135	0.0
305	99	0.0
253	25	0.0
115	282	0.0
325	163	0.0
191	289	0.0
272	55	0.0
19	318	0.0
86	164	0.0
33	255	0.0
181	240	0.0
83	183	0.0
222	7	0.0
303	146	0.0
290	305	0.0
59	183	0.0
74	92	0.0
26	200	0.0
116	113	1.0
328	193	0.0
47	321	0.0
48	273	0.0
145	254	0.0
142	44	0.0
198	150	0.0
22	16	0.0
30	212	0.0
249	255	0.0
101	288	0.0
325	78	0.0
306	120	0.0
181	30	0.0
131	273	0.0
172	3	0.0
300	318	0.0
15	285	0.0
71	302	0.0
142	86	0.0
191	301	0.0
310	51	0.0
39	295	0.0
263	173	0.0
64	49	0.0
89	259	0.0
91	92	0.0
265	295	0.0
142	67	0.0
136	282	0.0
255	157	0.0
114	99	0.0
222	28	0.0
248	75	0.0
304	46	0.0
15	217	0.0
285	143	0.0
131	288	0.0
311	238	0.0
185	263	0.0
115	141	0.0
252	151	0.0
218	243	0.0
291	135	0.0
301	238	0.0
267	104	0.0
227	146	0.0
236	24	0.0
138	7	0.0
149	173	0.0
321	302	0.0
265	145	0.0
195	120	0.0
227	3	0.0
231	46	0.0
82	55	0.0
197	78	0.0
226	308	0.0
240	306	0.0
54	313	0.0
137	2	0.0
236	3	0.0
182	47	0.0
103	208	0.0
63	264	0.0
294	259	0.0
323	198	0.0
326	263	0.0
91	226	0.0
47	24	0.0
91	285	0.0
39	218	0.0
263	143	0.0
135	69	0.0
15	318	0.0
226	285	0.0
135	328	0.0
1	144	0.0
136	163	0.0
39	254	0.0
265	78	0.0
193	269	0.0
91	174	0.0
303	77	0.0
23	117	0.0
122	318	0.0
12	78	0.0
97	159	0.0
61	135	0.0
286	124	0.0
210	302	0.0
88	313	0.0
1	290	0.0
267	44	0.0
3	220	0.0
265	146	0.0
140	259	0.0
182	279	0.0
271	193	0.0
210	97	0.0
265	49	0.0
39	294	0.0
34	12	0.0
236	188	0.0
83	55	0.0
262	301	0.0
316	24	0.0
95	173	0.0
48	212	0.0
56	104	0.0
92	24	0.0
300	24	0.0
265	4	0.0
240	99	0.0
199	222	0.0
108	33	0.0
288	37	0.0
200	292	0.0
201	191	0.0
279	152	0.0
98	220	0.0
89	306	0.0
209	77	0.0
115	143	0.0
255	276	0.0
195	16	0.0
219	313	0.0
91	259	0.0
89	71	0.0
145	117	0.0
92	136	0.0
101	117	0.0
131	31	0.0
27	181	0.0
197	300	0.0
108	61	0.0
177	106	0.0
14	228	0.0
222	92	0.0
327	220	0.0
151	136	0.0
325	270	0.0
118	37	0.0
265	202	0.0
39	4	0.0
80	77	0.0
106	282	0.0
193	217	0.0
57	300	0.0
240	263	0.0
199	227	0.0
158	282	0.0
323	305	0.0
300	120	0.0
82	321	0.0
78	51	0.0
181	99	0.0
262	4	0.0
326	37	0.0
280	208	0.0
92	149	0.0
200	7	0.0
142	236	0.0
250	167	0.0
41	159	0.0
145	75	0.0
44	313	0.0
158	46	0.0
240	300	0.0
325	266	0.0
97	266	0.0
41	144	0.0
148	132	0.0
122	197	0.0
181	146	0.0
18	208	0.0
288	308	0.0
207	64	0.0
47	326	0.0
174	140	0.0
39	42	0.0
263	104	0.0
186	59	0.0
217	302	0.0
44	117	0.0
54	157	0.0
25	266	0.0
286	227	0.0
20	220	0.0
279	166	0.0
18	204	0.0
268	295	0.0
201	305	0.0
174	103	0.0
30	270	0.0
80	255	0.0
145	276	0.0
207	299	0.0
172	150	0.0
135	227	0.0
122	273	0.0
226	231	0.0
195	104	0.0
185	282	0.0
75	34	0.0
276	269	0.0
77	120	0.0
300	25	0.0
326	321	0.0
83	28	0.0
292	124	0.0
18	224	0.0
291	91	0.0
299	301	0.0
172	149	0.0
289	290	0.0
222	204	0.0
286	69	0.0
289	327	0.0
106	202	0.0
15	150	0.0
262	193	0.0
250	182	0.0
255	98	0.0
177	89	0.0
201	30	0.0
311	117	0.0
286	98	0.0
91	137	0.0
107	64	0.0
91	195	0.0
18	212	0.0
181	160	0.0
236	280	0.0
98	212	0.0
170	109	0.0
243	324	0.0
182	254	0.0
34	18	0.0
148	254	0.0
108	31	0.0
83	302	0.0
74	141	0.0
278	20	0.0
80	31	0.0
63	253	0.0
325	28	0.0
209	163	0.0
280	217	0.0
74	118	0.0
138	132	0.0
238	150	0.0
209	253	0.0
67	22	0.0
209	269	0.0
124	259	0.0
141	328	0.0
101	80	0.0
14	243	0.0
34	119	0.0
229	209	0.0
245	107	0.0
287	148	0.0
279	271	0.0
19	227	0.0
286	26	0.0
328	25	0.0
248	150	0.0
300	220	0.0
23	185	0.0
30	251	0.0
201	15	0.0
157	77	0.0
142	146	0.0
287	310	0.0
183	259	0.0
61	295	0.0
38	78	0.0
199	283	0.0
104	99	0.0
208	137	0.0
235	63	0.0
91	217	0.0
240	218	0.0
115	185	0.0
198	158	0.0
41	77	0.0
64	143	0.0
207	80	0.0
140	109	0.0
318	42	0.0
164	270	0.0
124	217	0.0
42	170	0.0
44	157	0.0
82	305	0.0
18	282	0.0
294	198	0.0
186	276	0.0
210	16	0.0
236	149	0.0
151	166	0.0
107	44	0.0
191	2	0.0
219	24	0.0
57	42	0.0
252	157	0.0
114	117	1.0
229	326	0.0
316	270	0.0
138	170	0.0
104	159	0.0
4	217	0.0
265	270	0.0
231	61	0.0
26	313	0.0
82	181	0.0
278	313	0.0
83	202	0.0
1	183	0.0
199	47	0.0
138	247	0.0
210	49	0.0
57	34	0.0
89	324	0.0
160	271	0.0
218	99	0.0
235	149	0.0
286	64	0.0
235	115	0.0
219	28	0.0
294	224	0.0
186	318	0.0
193	131	0.0
306	56	0.0
312	59	0.0
265	224	0.0
14	251	0.0
299	193	0.0
299	3	0.0
195	83	0.0
160	296	0.0
291	183	0.0
64	42	0.0
229	95	0.0
115	267	0.0
279	104	0.0
186	204	0.0
83	286	0.0
229	131	0.0
316	131	0.0
33	37	0.0
67	19	0.0
25	324	0.0
92	151	0.0
264	28	0.0
304	220	0.0
107	120	0.0
27	3	0.0
250	313	0.0
311	151	0.0
245	22	0.0
106	305	0.0
120	282	0.0
74	30	0.0
138	306	0.0
250	28	0.0
283	268	0.0
106	173	0.0
135	321	0.0
250	163	0.0
209	137	0.0
218	104	0.0
207	114	0.0
174	115	0.0
236	25	0.0
279	31	0.0
1	41	0.0
325	199	0.0
92	137	0.0
67	251	0.0
117	241	0.0
328	49	0.0
265	167	0.0
265	217	0.0
300	141	0.0
33	254	0.0
186	57	0.0
95	54	0.0
311	77	0.0
164	4	0.0
219	92	0.0
57	135	0.0
47	209	0.0
61	270	0.0
303	108	0.0
142	270	0.0
198	75	0.0
235	120	0.0
278	71	0.0
88	270	0.0
236	302	0.0
265	16	0.0
300	200	0.0
101	42	0.0
1	27	0.0
276	166	0.0
209	157	0.0
228	38	0.0
108	262	0.0
177	170	0.0
219	38	0.0
138	42	0.0
255	269	0.0
204	99	0.0
82	131	0.0
54	305	0.0
222	269	0.0
249	263	0.0
141	288	0.0
54	143	0.0
182	19	0.0
138	163	0.0
219	42	0.0
248	7	0.0
207	137	0.0
226	98	0.0
148	327	0.0
91	323	0.0
312	25	0.0
1	226	0.0
172	253	0.0
195	253	0.0
301	24	0.0
326	141	0.0
228	292	0.0
39	310	0.0
7	220	0.0
59	115	0.0
264	328	0.0
240	202	0.0
77	103	0.0
191	77	0.0
195	149	0.0
95	200	0.0
26	270	0.0
20	285	0.0
294	276	0.0
249	300	0.0
18	285	0.0
95	204	0.0
199	288	0.0
82	141	0.0
132	295	0.0
265	152	0.0
164	12	0.0
151	217	0.0
59	254	0.0
253	136	0.0
88	323	0.0
236	143	0.0
115	254	0.0
89	16	0.0
114	80	0.0
39	183	0.0
115	103	0.0
312	49	0.0
193	49	0.0
278	193	0.0
63	164	0.0
200	188	0.0
252	218	0.0
145	185	0.0
207	44	0.0
26	54	0.0
83	191	0.0
222	241	0.0
250	104	0.0
207	240	0.0
33	144	0.0
271	209	0.0
75	204	0.0
310	7	0.0
63	107	0.0
4	118	0.0
160	151	0.0
132	137	0.0
313	136	0.0
240	141	0.0
41	122	0.0
204	183	0.0
182	219	0.0
325	4	0.0
305	143	0.0
200	191	0.0
19	54	0.0
114	120	0.0
195	44	0.0
132	285	0.0
28	208	0.0
36	16	0.0
280	136	0.0
198	18	0.0
236	124	0.0
148	318	0.0
138	137	1.0
14	210	0.0
252	327	0.0
23	241	0.0
235	186	0.0
91	19	0.0
249	289	0.0
103	170	0.0
198	97	0.0
250	142	0.0
231	124	0.0
303	23	0.0
132	188	0.0
252	173	0.0
181	238	0.0
210	33	0.0
108	89	0.0
88	92	0.0
265	122	0.0
325	44	0.0
77	55	0.0
59	231	0.0
71	48	0.0
36	30	0.0
132	313	0.0
108	104	0.0
262	99	0.0
217	99	0.0
18	131	0.0
174	151	0.0
286	20	0.0
198	172	0.0
140	137	1.0
132	120	0.0
218	212	0.0
226	268	0.0
82	149	0.0
142	302	0.0
182	305	0.0
262	197	0.0
120	16	0.0
271	170	0.0
54	243	0.0
132	301	0.0
245	259	0.0
193	212	0.0
227	15	0.0
56	280	0.0
262	286	0.0
195	74	0.0
83	305	0.0
283	80	0.0
226	321	0.0
210	269	0.0
291	23	0.0
198	77	0.0
114	18	0.0
122	74	0.0
198	98	0.0
222	228	0.0
80	157	0.0
220	42	0.0
114	25	0.0
12	251	0.0
27	138	0.0
210	120	0.0
226	137	0.0
71	22	0.0
195	89	0.0
208	2	0.0
296	30	0.0
191	144	0.0
27	267	0.0
57	113	0.0
325	295	0.0
39	243	0.0
304	149	0.0
252	253	0.0
197	318	0.0
19	61	0.0
186	218	0.0
270	97	0.0
164	143	0.0
209	218	0.0
108	49	0.0
250	227	0.0
313	202	0.0
16	282	0.0
226	136	0.0
197	138	0.0
47	124	0.0
140	321	0.0
23	273	0.0
209	302	0.0
44	268	0.0
177	240	0.0
36	313	0.0
41	101	0.0
323	149	0.0
135	327	0.0
294	238	0.0
311	124	0.0
279	59	0.0
91	283	0.0
34	251	0.0
278	160	0.0
104	321	0.0
19	77	0.0
36	177	0.0
107	218	0.0
222	71	0.0
152	197	0.0
288	254	0.0
47	46	1.0
306	163	0.0
291	269	0.0
188	259	0.0
195	78	0.0
108	186	0.0
48	37	0.0
89	218	0.0
102	55	0.0
102	99	0.0
177	55	0.0
201	251	0.0
283	270	0.0
305	16	0.0
158	25	0.0
152	77	0.0
80	217	0.0
182	141	0.0
325	54	0.0
250	191	0.0
249	228	0.0
226	64	0.0
289	78	0.0
303	302	0.0
283	289	0.0
33	150	0.0
98	217	0.0
278	124	0.0
132	254	0.0
228	241	0.0
14	49	0.0
103	42	0.0
167	306	0.0
1	142	0.0
313	238	0.0
219	30	0.0
296	188	0.0
326	170	0.0
219	197	0.0
286	170	0.0
92	78	0.0
82	306	0.0
296	15	0.0
172	20	0.0
173	247	0.0
136	12	0.0
181	138	0.0
82	144	0.0
291	163	0.0
312	47	0.0
198	20	0.0
114	44	0.0
7	55	0.0
201	266	0.0
201	55	0.0
195	248	0.0
107	183	0.0
287	44	0.0
83	140	0.0
18	109	0.0
279	251	0.0
95	271	0.0
269	288	0.0
108	97	0.0
207	59	0.0
36	266	0.0
71	285	0.0
107	101	0.0
323	2	0.0
1	24	0.0
3	16	0.0
279	142	0.0
142	135	0.0
202	37	0.0
26	268	0.0
59	172	0.0
222	243	0.0
63	44	0.0
181	137	0.0
30	200	0.0
235	23	0.0
306	238	0.0
75	42	0.0
267	204	0.0
313	268	0.0
291	321	0.0
172	104	0.0
160	282	0.0
259	238	0.0
174	323	0.0
286	268	0.0
229	59	0.0
303	253	0.0
182	227	0.0
325	197	0.0
235	102	0.0
292	109	0.0
255	217	0.0
250	61	0.0
313	151	0.0
289	98	0.0
107	102	0.0
285	109	0.0
218	301	0.0
41	103	0.0
57	20	0.0
122	301	0.0
48	143	0.0
198	99	0.0
167	202	0.0
249	290	0.0
47	217	0.0
115	263	0.0
229	193	0.0
82	98	0.0
201	49	0.0
91	286	0.0
250	120	0.0
108	71	0.0
89	59	0.0
41	54	0.0
181	56	0.0
26	271	0.0
313	15	0.0
149	318	0.0
303	264	0.0
199	268	0.0
222	56	0.0
278	150	0.0
248	271	0.0
207	283	0.0
300	191	0.0
14	185	0.0
209	120	0.0
107	326	0.0
265	115	0.0
114	150	0.0
166	109	0.0
59	7	0.0
278	185	0.0
299	283	0.0
285	7	0.0
265	151	0.0
25	302	0.0
61	151	0.0
145	18	0.0
30	188	0.0
271	321	0.0
279	82	0.0
144	78	0.0
138	282	0.0
253	302	0.0
191	185	0.0
312	31	0.0
296	4	0.0
228	208	0.0
210	103	0.0
174	144	0.0
303	152	0.0
101	113	0.0
106	163	0.0
102	77	0.0
236	54	0.0
198	38	0.0
226	95	0.0
36	146	0.0
305	273	0.0
59	301	0.0
254	163	0.0
228	188	0.0
148	30	0.0
316	132	0.0
166	259	0.0
108	64	0.0
3	270	0.0
47	7	0.0
95	292	0.0
92	102	0.0
99	247	0.0
56	324	0.0
269	42	0.0
92	106	0.0
226	181	0.0
20	151	0.0
115	46	0.0
245	59	0.0
186	316	0.0
157	71	0.0
18	183	0.0
86	92	0.0
226	200	0.0
64	217	0.0
253	301	0.0
291	116	0.0
82	325	0.0
75	119	0.0
173	212	0.0
191	308	0.0
174	218	0.0
172	47	0.0
240	313	0.0
303	247	0.0
286	48	0.0
326	98	0.0
207	22	0.0
82	240	0.0
299	253	0.0
265	24	0.0
294	27	0.0
18	24	0.0
135	224	0.0
268	99	0.0
296	270	0.0
92	247	0.0
74	124	0.0
138	146	0.0
122	92	0.0
41	148	0.0
303	12	0.0
140	95	0.0
83	97	0.0
188	173	0.0
289	55	0.0
248	249	0.0
26	107	0.0
115	268	0.0
30	318	0.0
267	141	0.0
31	150	0.0
323	283	0.0
177	304	0.0
19	249	0.0
167	263	0.0
185	220	0.0
217	137	0.0
69	183	0.0
138	12	0.0
235	137	0.0
253	42	0.0
201	202	1.0
289	48	0.0
326	318	0.0
210	185	0.0
95	16	0.0
328	217	0.0
102	306	0.0
265	140	0.0
287	163	0.0
227	22	0.0
289	150	0.0
108	266	0.0
326	49	0.0
185	71	0.0
107	255	0.0
74	302	0.0
210	271	0.0
160	326	0.0
69	64	0.0
226	119	0.0
80	321	0.0
14	56	0.0
82	157	0.0
286	273	0.0
302	31	0.0
160	241	0.0
142	160	0.0
226	252	0.0
141	136	1.0
177	289	0.0
83	251	0.0
177	287	0.0
34	37	0.0
231	292	0.0
12	173	0.0
303	217	0.0
272	310	0.0
318	324	0.0
167	15	0.0
1	22	0.0
146	109	0.0
195	132	0.0
107	254	0.0
294	288	0.0
25	120	0.0
114	197	0.0
67	38	0.0
240	34	0.0
83	227	0.0
290	99	0.0
157	220	0.0
250	122	0.0
316	220	0.0
222	266	0.0
304	69	0.0
166	202	0.0
142	107	0.0
292	25	0.0
88	283	0.0
272	273	0.0
249	200	0.0
54	16	0.0
250	12	0.0
197	113	0.0
305	31	0.0
181	301	0.0
34	48	0.0
303	80	0.0
160	51	0.0
207	101	0.0
255	290	0.0
198	101	0.0
306	227	0.0
201	279	0.0
172	164	0.0
323	55	0.0
286	220	0.0
219	324	0.0
278	144	0.0
285	51	0.0
226	77	0.0
152	115	0.0
34	306	0.0
108	323	0.0
304	22	0.0
164	46	0.0
174	177	1.0
56	220	0.0
265	144	0.0
207	302	0.0
71	137	0.0
272	292	0.0
18	218	0.0
197	101	0.0
106	159	0.0
272	54	0.0
174	108	0.0
270	99	0.0
218	163	0.0
210	42	0.0
177	124	0.0
143	99	0.0
116	188	0.0
294	28	0.0
30	228	0.0
226	271	0.0
160	290	0.0
1	208	0.0
291	313	0.0
55	208	0.0
33	191	0.0
193	149	0.0
182	324	0.0
26	80	0.0
294	98	0.0
245	82	0.0
83	152	0.0
12	166	0.0
77	202	0.0
195	160	0.0
181	273	0.0
311	252	0.0
224	46	0.0
236	31	0.0
296	20	0.0
61	263	0.0
296	288	0.0
122	271	0.0
39	167	0.0
280	282	0.0
54	306	0.0
69	212	0.0
25	143	0.0
251	118	0.0
279	22	0.0
74	138	0.0
48	131	0.0
166	2	0.0
229	42	0.0
182	106	0.0
91	262	0.0
291	219	0.0
248	164	0.0
91	157	0.0
279	148	0.0
306	31	0.0
15	266	0.0
160	328	0.0
86	4	0.0
149	16	0.0
83	18	0.0
61	183	0.0
296	46	0.0
82	172	0.0
74	217	0.0
286	102	0.0
254	282	0.0
228	327	0.0
14	177	0.0
57	117	0.0
236	202	0.0
144	143	0.0
207	326	0.0
103	46	0.0
148	209	0.0
18	97	0.0
157	321	0.0
287	247	0.0
188	247	0.0
222	143	0.0
218	124	0.0
287	254	0.0
23	164	0.0
199	46	0.0
300	301	0.0
26	74	0.0
248	59	0.0
23	75	0.0
145	328	0.0
290	146	0.0
311	55	0.0
209	141	0.0
250	74	0.0
77	99	0.0
249	104	0.0
54	251	0.0
327	318	0.0
262	236	0.0
172	12	0.0
301	31	0.0
132	220	0.0
14	308	0.0
36	188	0.0
201	25	0.0
245	15	0.0
250	150	0.0
14	135	0.0
1	229	0.0
316	119	0.0
326	64	0.0
299	241	0.0
224	37	0.0
199	12	0.0
67	306	0.0
101	164	0.0
245	288	0.0
311	185	0.0
227	270	0.0
54	97	0.0
148	16	0.0
91	173	0.0
95	2	0.0
135	243	0.0
71	144	0.0
41	204	0.0
38	25	0.0
219	254	0.0
44	266	0.0
195	243	0.0
311	167	0.0
250	272	0.0
272	132	0.0
63	75	0.0
303	44	0.0
71	56	0.0
177	326	0.0
193	55	0.0
28	247	0.0
243	163	0.0
316	46	0.0
151	24	0.0
28	2	0.0
26	212	0.0
235	305	0.0
252	120	0.0
95	135	0.0
287	42	0.0
82	188	0.0
108	208	0.0
229	269	0.0
186	131	0.0
259	24	0.0
207	16	0.0
71	149	0.0
83	313	0.0
38	2	0.0
323	301	0.0
26	285	0.0
299	28	0.0
278	151	0.0
18	163	0.0
323	102	0.0
250	83	0.0
299	71	0.0
304	222	0.0
202	170	0.0
172	124	0.0
83	4	0.0
287	231	0.0
219	114	0.0
104	2	0.0
286	51	0.0
140	264	0.0
41	280	0.0
33	49	0.0
240	328	0.0
238	109	0.0
240	251	0.0
325	326	1.0
1	241	0.0
326	220	0.0
200	301	0.0
181	57	0.0
236	255	0.0
95	255	0.0
188	124	0.0
323	280	0.0
306	255	0.0
141	318	0.0
152	300	0.0
279	44	0.0
262	140	0.0
12	16	0.0
1	252	0.0
304	268	0.0
248	198	0.0
323	212	0.0
209	49	0.0
39	102	0.0
312	304	0.0
95	61	0.0
219	310	0.0
118	302	0.0
202	55	0.0
303	19	0.0
278	135	0.0
151	305	0.0
59	145	0.0
14	142	0.0
272	172	0.0
288	159	0.0
255	218	0.0
44	318	0.0
4	218	0.0
219	302	0.0
235	83	0.0
283	120	0.0
236	264	0.0
98	321	0.0
279	151	0.0
312	109	0.0
152	102	0.0
132	302	0.0
236	46	0.0
27	107	0.0
27	209	0.0
95	141	0.0
267	98	0.0
75	103	0.0
283	49	0.0
151	131	0.0
323	44	0.0
231	191	0.0
262	328	0.0
287	263	0.0
262	164	0.0
39	177	0.0
294	287	0.0
1	98	0.0
289	12	0.0
74	172	0.0
36	151	0.0
92	209	0.0
199	92	0.0
186	185	0.0
291	78	0.0
104	251	0.0
222	270	0.0
183	137	0.0
177	266	0.0
235	164	0.0
268	251	0.0
303	117	0.0
89	92	0.0
104	16	0.0
98	109	0.0
174	202	0.0
107	288	0.0
201	22	0.0
164	185	0.0
197	3	0.0
312	224	0.0
289	106	0.0
250	92	0.0
18	166	0.0
199	152	0.0
279	202	0.0
98	118	0.0
279	28	0.0
226	135	0.0
303	220	0.0
114	227	0.0
271	99	0.0
63	113	0.0
20	28	0.0
313	51	0.0
164	37	0.0
44	18	0.0
33	109	0.0
204	305	0.0
235	124	0.0
316	243	0.0
177	34	0.0
316	254	0.0
173	16	0.0
140	61	0.0
245	272	0.0
145	146	0.0
18	25	0.0
30	137	0.0
255	104	0.0
172	251	0.0
107	236	0.0
291	2	0.0
278	273	0.0
59	61	0.0
170	24	0.0
311	160	0.0
248	172	0.0
255	97	0.0
177	195	0.0
1	249	0.0
69	28	0.0
106	69	0.0
74	241	0.0
231	20	0.0
280	259	0.0
222	75	0.0
174	164	0.0
210	222	0.0
289	255	0.0
135	146	0.0
289	77	0.0
101	238	0.0
39	280	0.0
138	313	0.0
240	282	0.0
259	46	0.0
305	259	0.0
291	140	0.0
19	136	0.0
59	97	0.0
228	137	0.0
186	19	0.0
89	183	0.0
249	78	0.0
34	191	0.0
22	170	0.0
75	251	0.0
33	202	0.0
312	255	0.0
262	199	0.0
113	243	0.0
108	118	0.0
26	137	0.0
249	167	0.0
138	268	0.0
56	218	0.0
167	7	0.0
272	34	0.0
1	137	0.0
240	4	0.0
272	296	0.0
325	67	0.0
188	208	0.0
174	119	0.0
278	22	0.0
312	266	0.0
142	325	0.0
327	143	0.0
135	251	0.0
61	321	0.0
263	159	0.0
27	163	0.0
92	259	0.0
136	131	0.0
199	198	0.0
199	204	0.0
304	299	0.0
287	71	0.0
323	12	0.0
323	228	0.0
253	285	0.0
131	64	0.0
117	143	0.0
142	209	0.0
164	48	0.0
272	308	0.0
131	24	0.0
142	31	0.0
67	202	0.0
272	280	0.0
95	183	0.0
303	138	0.0
4	310	0.0
67	51	0.0
36	327	0.0
231	254	0.0
292	285	0.0
201	280	0.0
226	255	0.0
263	163	0.0
323	42	0.0
138	270	0.0
218	149	0.0
269	118	0.0
188	120	0.0
289	208	0.0
30	236	0.0
36	83	0.0
226	109	0.0
198	188	0.0
19	25	0.0
240	106	0.0
286	263	0.0
296	99	0.0
240	117	0.0
41	285	0.0
210	37	0.0
22	46	0.0
115	241	0.0
160	42	0.0
296	143	0.0
310	141	0.0
325	296	0.0
115	78	0.0
26	115	0.0
166	208	0.0
255	270	0.0
248	247	0.0
262	289	0.0
136	49	0.0
19	109	0.0
23	268	0.0
185	305	0.0
4	290	0.0
197	247	0.0
326	109	0.0
20	46	0.0
108	48	0.0
253	327	0.0
259	99	0.0
310	3	0.0
231	183	0.0
287	30	0.0
326	310	0.0
55	159	0.0
186	77	0.0
306	280	0.0
89	149	0.0
201	117	0.0
56	22	0.0
25	321	0.0
182	249	0.0
115	166	0.0
14	167	0.0
124	97	0.0
23	160	0.0
33	42	0.0
103	2	0.0
325	328	0.0
283	238	0.0
23	304	0.0
276	185	0.0
255	46	0.0
14	19	0.0
279	136	0.0
195	200	0.0
136	259	0.0
303	231	0.0
1	75	0.0
113	117	1.0
20	69	0.0
312	146	0.0
200	144	0.0
152	19	0.0
229	292	0.0
80	64	0.0
36	272	0.0
102	113	0.0
195	12	0.0
183	305	0.0
292	143	0.0
262	288	0.0
272	42	0.0
265	142	0.0
327	170	0.0
173	282	0.0
312	33	0.0
78	150	0.0
313	183	0.0
174	248	0.0
174	31	0.0
296	104	0.0
226	270	0.0
26	119	0.0
145	183	0.0
311	273	0.0
22	217	0.0
328	31	0.0
323	181	0.0
174	186	0.0
311	255	0.0
86	212	0.0
113	241	0.0
142	27	0.0
39	252	0.0
240	78	0.0
222	15	0.0
210	318	0.0
304	25	0.0
272	231	0.0
145	299	0.0
27	193	0.0
182	273	0.0
296	321	0.0
210	104	0.0
135	289	0.0
159	37	0.0
226	42	0.0
136	321	0.0
3	15	0.0
253	7	0.0
140	49	0.0
312	200	0.0
83	243	0.0
36	278	0.0
34	97	0.0
312	61	0.0
181	193	0.0
89	241	0.0
287	136	0.0
262	89	0.0
80	273	0.0
265	193	0.0
306	49	0.0
283	38	0.0
199	183	0.0
33	99	0.0
276	31	0.0
23	64	0.0
82	183	0.0
229	106	0.0
197	143	0.0
200	324	0.0
49	150	0.0
54	208	0.0
310	193	0.0
318	173	0.0
209	208	0.0
108	324	0.0
115	170	0.0
255	324	0.0
22	31	0.0
250	118	0.0
181	318	0.0
44	251	0.0
22	327	0.0
325	22	0.0
191	102	0.0
38	104	0.0
265	26	0.0
97	150	0.0
182	241	0.0
61	56	0.0
86	251	0.0
278	304	0.0
248	326	0.0
80	282	0.0
262	287	0.0
272	104	0.0
172	16	0.0
160	55	0.0
148	301	0.0
83	148	0.0
18	159	0.0
305	137	0.0
82	290	0.0
1	280	0.0
63	59	0.0
108	290	0.0
91	318	0.0
207	51	0.0
270	324	0.0
141	188	0.0
172	267	0.0
82	120	0.0
262	264	0.0
19	209	0.0
170	143	0.0
23	167	0.0
34	158	0.0
198	302	0.0
207	217	0.0
240	115	0.0
250	20	0.0
182	38	0.0
74	267	0.0
299	166	0.0
174	59	0.0
14	136	0.0
177	49	0.0
95	252	0.0
1	2	0.0
25	212	0.0
26	198	0.0
19	106	0.0
77	38	0.0
188	117	0.0
303	279	0.0
140	51	0.0
283	15	0.0
182	136	0.0
219	226	0.0
303	28	0.0
172	301	0.0
291	245	0.0
122	22	0.0
39	279	0.0
23	102	0.0
313	141	0.0
159	16	0.0
164	49	0.0
249	75	0.0
279	313	0.0
287	137	0.0
157	251	0.0
271	15	0.0
265	311	0.0
226	44	0.0
74	145	0.0
229	98	0.0
263	124	0.0
101	302	0.0
59	241	0.0
220	99	0.0
245	197	0.0
201	181	0.0
89	268	0.0
181	173	0.0
310	150	0.0
107	289	0.0
181	42	0.0
273	24	0.0
80	288	0.0
174	310	0.0
286	7	0.0
174	42	0.0
195	266	0.0
3	22	0.0
235	188	0.0
289	103	0.0
41	218	0.0
82	102	0.0
41	99	0.0
250	218	0.0
54	150	0.0
23	193	0.0
231	101	0.0
145	285	0.0
177	109	0.0
38	269	0.0
57	301	0.0
91	300	0.0
98	37	0.0
22	243	0.0
209	282	0.0
34	106	0.0
185	238	0.0
80	220	0.0
174	142	0.0
323	80	0.0
248	254	0.0
278	74	0.0
83	166	0.0
267	31	0.0
164	55	0.0
34	2	0.0
149	49	0.0
188	7	0.0
231	31	0.0
278	212	0.0
44	7	0.0
236	113	0.0
182	49	0.0
262	19	0.0
164	18	0.0
166	16	0.0
198	31	0.0
54	273	0.0
157	227	0.0
279	327	0.0
204	149	0.0
252	99	0.0
67	102	0.0
207	49	0.0
324	259	0.0
283	56	0.0
285	202	0.0
283	202	0.0
198	204	0.0
283	318	0.0
227	328	0.0
59	173	0.0
240	191	0.0
18	290	0.0
148	173	0.0
253	305	0.0
44	69	0.0
28	151	0.0
195	185	0.0
182	286	0.0
304	150	0.0
276	24	0.0
48	305	0.0
312	193	0.0
299	56	0.0
326	51	0.0
145	38	0.0
280	324	0.0
287	3	0.0
39	287	0.0
152	251	0.0
199	69	0.0
151	254	0.0
219	326	0.0
280	302	0.0
71	118	0.0
27	302	0.0
1	255	0.0
245	145	0.0
28	64	0.0
115	138	0.0
91	276	0.0
183	321	0.0
61	247	0.0
57	31	0.0
142	98	0.0
91	263	0.0
12	202	0.0
193	238	0.0
245	135	0.0
210	142	0.0
219	224	0.0
19	164	0.0
44	38	0.0
92	145	0.0
57	282	0.0
303	119	0.0
74	143	0.0
217	212	0.0
174	271	0.0
91	18	0.0
177	228	0.0
95	208	0.0
204	328	0.0
316	144	0.0
219	146	0.0
248	12	0.0
30	308	0.0
248	26	0.0
325	240	0.0
262	324	0.0
252	276	0.0
229	224	0.0
207	103	0.0
290	163	0.0
101	118	0.0
18	305	0.0
279	83	0.0
276	42	0.0
54	109	0.0
15	78	0.0
152	289	0.0
278	12	0.0
164	103	0.0
97	31	0.0
44	120	0.0
23	295	0.0
235	327	0.0
103	97	0.0
83	172	0.0
92	324	0.0
249	137	0.0
311	294	0.0
268	149	0.0
101	328	0.0
44	46	0.0
212	16	0.0
311	4	0.0
197	289	0.0
312	208	0.0
36	267	0.0
114	266	0.0
263	285	0.0
290	143	0.0
250	173	0.0
152	212	0.0
115	308	0.0
326	150	0.0
265	291	0.0
219	255	0.0
296	141	0.0
294	146	0.0
267	243	0.0
69	15	0.0
209	241	0.0
255	327	0.0
59	295	0.0
195	48	0.0
115	302	0.0
182	218	0.0
27	26	0.0
116	109	1.0
33	327	0.0
95	188	0.0
312	131	0.0
86	117	0.0
88	324	0.0
102	218	0.0
22	308	0.0
291	142	0.0
101	289	0.0
14	91	0.0
177	118	0.0
207	305	0.0
160	254	0.0
27	268	0.0
291	217	0.0
106	301	0.0
226	74	0.0
262	151	0.0
38	318	0.0
116	150	0.0
321	143	0.0
195	280	0.0
39	78	0.0
30	132	0.0
89	37	0.0
135	280	0.0
182	268	0.0
195	107	0.0
199	163	0.0
38	218	0.0
83	102	0.0
30	166	0.0
34	280	0.0
20	289	0.0
174	185	0.0
47	44	0.0
172	158	0.0
283	109	0.0
148	25	0.0
210	321	0.0
157	151	1.0
4	280	0.0
191	80	0.0
222	49	0.0
326	25	0.0
26	224	0.0
136	173	0.0
26	208	0.0
222	132	0.0
145	283	0.0
120	241	0.0
177	80	0.0
296	222	0.0
198	316	0.0
114	252	0.0
34	220	0.0
220	118	0.0
18	217	0.0
174	33	0.0
7	24	0.0
200	163	0.0
325	131	0.0
327	268	0.0
181	7	0.0
67	135	0.0
231	120	0.0
289	202	0.0
83	204	0.0
74	264	0.0
144	146	0.0
182	56	0.0
67	46	0.0
272	302	0.0
39	74	0.0
197	200	0.0
54	78	0.0
278	19	0.0
262	300	0.0
321	31	0.0
200	269	0.0
278	207	0.0
177	183	0.0
77	241	0.0
74	15	0.0
249	220	0.0
265	114	0.0
177	63	0.0
272	267	0.0
67	321	0.0
226	306	0.0
185	16	0.0
157	97	0.0
310	227	0.0
286	191	0.0
303	158	0.0
122	141	0.0
148	289	0.0
167	92	0.0
316	38	0.0
19	28	0.0
114	159	0.0
303	150	0.0
82	37	0.0
195	26	0.0
326	212	0.0
12	288	0.0
108	140	0.0
254	24	0.0
292	104	0.0
210	325	0.0
296	34	0.0
209	150	0.0
300	227	0.0
323	136	0.0
75	80	0.0
199	228	0.0
229	89	0.0
14	57	0.0
1	177	0.0
145	120	0.0
36	24	0.0
74	316	0.0
41	37	0.0
287	170	0.0
264	288	0.0
224	56	0.0
312	231	0.0
248	137	0.0
312	321	0.0
44	238	0.0
120	302	0.0
166	7	0.0
71	328	0.0
210	41	0.0
14	313	0.0
291	109	0.0
95	77	0.0
75	220	0.0
219	95	0.0
63	30	0.0
209	254	0.0
75	321	0.0
292	282	0.0
325	164	0.0
95	241	0.0
288	212	0.0
54	183	0.0
316	16	0.0
20	71	0.0
138	135	0.0
181	191	0.0
269	202	0.0
186	104	0.0
200	328	0.0
219	107	0.0
39	327	0.0
271	48	0.0
271	49	0.0
138	47	0.0
208	143	0.0
305	51	0.0
267	49	0.0
166	173	0.0
142	185	0.0
80	306	0.0
19	132	0.0
14	201	0.0
268	259	0.0
294	59	0.0
210	136	0.0
1	4	0.0
59	263	0.0
279	247	0.0
91	102	0.0
310	38	0.0
313	137	0.0
24	2	0.0
38	7	0.0
177	278	0.0
108	152	0.0
294	82	0.0
167	124	0.0
321	109	0.0
252	15	0.0
285	288	0.0
27	217	0.0
23	248	0.0
228	220	0.0
33	302	0.0
222	283	0.0
122	3	0.0
312	75	0.0
86	243	0.0
114	148	0.0
135	318	0.0
240	28	0.0
279	268	0.0
75	305	0.0
71	103	0.0
186	227	0.0
273	295	0.0
108	69	0.0
152	150	1.0
41	270	0.0
83	24	0.0
243	31	0.0
63	280	0.0
273	109	0.0
248	217	0.0
278	46	0.0
71	218	0.0
278	253	0.0
186	115	0.0
23	92	0.0
36	202	0.0
1	44	0.0
20	99	0.0
306	273	0.0
316	37	0.0
1	91	0.0
41	288	0.0
249	283	0.0
59	166	0.0
160	30	0.0
92	44	0.0
83	263	0.0
41	252	0.0
95	136	0.0
46	282	0.0
243	109	0.0
113	251	0.0
316	97	0.0
272	263	0.0
89	188	0.0
227	318	0.0
140	290	0.0
44	241	0.0
174	150	0.0
316	280	0.0
31	51	0.0
61	143	0.0
312	280	0.0
108	287	0.0
106	327	0.0
198	289	0.0
186	132	0.0
195	304	0.0
164	193	0.0
56	15	0.0
287	54	0.0
57	148	0.0
199	97	0.0
294	269	0.0
39	46	0.0
235	61	0.0
48	7	0.0
255	109	0.0
92	302	0.0
227	131	0.0
177	188	0.0
33	217	0.0
131	16	0.0
71	98	0.0
167	280	0.0
224	146	0.0
141	25	0.0
263	318	0.0
33	74	0.0
63	122	0.0
181	61	0.0
14	67	0.0
291	22	0.0
198	138	0.0
140	285	0.0
39	38	0.0
164	254	0.0
207	276	0.0
59	321	0.0
226	24	0.0
249	269	0.0
231	270	0.0
103	282	0.0
219	51	0.0
310	103	0.0
132	276	0.0
151	247	0.0
245	89	0.0
177	302	0.0
145	292	0.0
181	77	0.0
91	145	0.0
202	42	0.0
255	48	0.0
181	295	0.0
262	295	0.0
27	28	0.0
231	149	0.0
200	146	0.0
74	247	0.0
265	321	0.0
252	145	0.0
114	135	0.0
26	18	0.0
160	240	0.0
145	306	0.0
30	302	0.0
303	267	0.0
325	209	0.0
210	7	0.0
300	75	0.0
310	143	0.0
28	268	0.0
310	302	0.0
28	270	0.0
245	64	0.0
235	135	0.0
1	59	0.0
208	16	0.0
160	22	0.0
300	131	0.0
226	326	0.0
185	24	0.0
82	122	0.0
325	102	0.0
312	92	0.0
47	270	0.0
300	69	0.0
311	44	0.0
210	51	0.0
195	23	0.0
227	37	0.0
193	273	0.0
292	64	0.0
249	22	0.0
306	285	0.0
323	173	0.0
186	269	0.0
3	247	0.0
262	61	0.0
19	57	0.0
142	272	0.0
144	308	0.0
48	166	0.0
145	158	0.0
64	282	0.0
222	254	0.0
264	15	0.0
106	31	0.0
291	30	0.0
294	207	0.0
102	37	0.0
77	56	0.0
288	324	0.0
77	3	0.0
262	312	0.0
240	25	0.0
44	220	0.0
231	269	0.0
83	308	0.0
88	4	0.0
268	247	0.0
114	247	0.0
222	138	0.0
240	316	0.0
200	99	0.0
1	18	0.0
136	117	0.0
229	99	0.0
306	7	0.0
157	218	0.0
306	103	0.0
141	324	0.0
160	306	0.0
158	301	0.0
142	115	0.0
47	310	0.0
219	59	0.0
201	312	0.0
272	99	0.0
107	24	0.0
115	204	0.0
217	46	0.0
167	305	0.0
69	254	0.0
259	150	0.0
144	109	0.0
218	302	0.0
222	268	0.0
83	78	0.0
291	210	0.0
262	30	0.0
226	202	0.0
200	157	0.0
245	150	0.0
83	267	0.0
229	115	0.0
198	266	0.0
245	266	0.0
198	202	0.0
148	212	0.0
278	118	0.0
135	51	0.0
304	173	0.0
95	150	0.0
188	251	0.0
204	209	0.0
226	173	0.0
54	149	0.0
326	254	0.0
107	37	0.0
36	28	0.0
59	104	0.0
299	327	0.0
289	158	0.0
64	288	0.0
104	241	0.0
265	63	0.0
177	56	0.0
160	276	0.0
287	41	0.0
148	22	0.0
308	324	0.0
201	51	0.0
144	328	0.0
151	97	0.0
177	61	0.0
262	20	0.0
283	305	0.0
265	300	0.0
229	2	0.0
4	185	0.0
279	198	0.0
15	159	0.0
91	208	0.0
27	253	0.0
12	98	0.0
148	144	0.0
181	241	0.0
140	16	0.0
304	252	0.0
170	49	0.0
325	38	0.0
308	302	0.0
158	78	0.0
316	251	0.0
272	109	0.0
228	273	0.0
249	185	0.0
222	310	0.0
15	31	0.0
89	42	0.0
204	77	0.0
88	102	0.0
18	136	0.0
286	118	0.0
27	285	0.0
186	228	0.0
108	245	0.0
61	328	0.0
195	92	0.0
107	15	0.0
250	302	0.0
248	64	0.0
157	150	1.0
149	183	0.0
132	42	0.0
41	249	0.0
313	269	0.0
303	172	0.0
174	23	0.0
294	312	0.0
69	238	0.0
326	131	0.0
101	150	0.0
113	324	0.0
91	37	0.0
327	137	0.0
250	71	0.0
136	188	0.0
23	181	0.0
89	54	0.0
19	172	0.0
210	55	0.0
278	41	0.0
181	259	0.0
151	266	0.0
207	124	0.0
15	212	0.0
80	328	0.0
222	118	0.0
288	177	0.0
56	174	0.0
131	107	0.0
271	1	0.0
163	323	0.0
328	195	0.0
69	310	0.0
217	210	0.0
310	75	0.0
146	217	0.0
57	122	0.0
321	308	0.0
159	231	0.0
236	304	0.0
202	30	0.0
16	240	0.0
195	182	0.0
273	148	0.0
212	227	0.0
4	30	0.0
16	118	0.0
201	174	0.0
188	160	0.0
251	1	0.0
316	108	0.0
55	198	0.0
150	204	0.0
78	152	0.0
106	249	0.0
316	39	0.0
143	185	0.0
164	272	0.0
185	228	0.0
54	30	0.0
135	122	0.0
173	280	0.0
199	272	0.0
42	19	0.0
51	311	0.0
61	201	0.0
55	56	0.0
64	243	0.0
227	245	0.0
46	54	0.0
115	250	0.0
282	295	0.0
282	107	0.0
98	75	0.0
56	262	0.0
7	132	0.0
46	136	0.0
301	145	0.0
18	245	0.0
12	107	0.0
304	279	0.0
158	30	0.0
38	27	0.0
266	182	0.0
170	231	0.0
282	101	0.0
308	296	0.0
183	158	0.0
157	299	0.0
217	181	0.0
183	226	0.0
252	88	0.0
292	54	0.0
222	262	0.0
241	313	0.0
252	108	0.0
164	14	0.0
54	240	0.0
34	286	0.0
140	210	0.0
282	183	0.0
114	41	0.0
38	30	0.0
24	193	0.0
25	278	0.0
296	14	0.0
99	56	0.0
289	226	0.0
283	200	0.0
217	82	0.0
31	115	0.0
64	264	0.0
117	270	0.0
61	252	0.0
286	63	0.0
254	201	0.0
136	103	0.0
271	132	0.0
2	280	0.0
71	115	0.0
117	119	0.0
253	174	0.0
55	15	0.0
268	19	0.0
95	152	0.0
106	265	0.0
266	57	0.0
251	231	0.0
313	292	0.0
51	252	0.0
170	283	0.0
253	122	0.0
208	80	0.0
288	106	0.0
7	278	0.0
222	177	0.0
310	316	0.0
268	116	0.0
220	209	0.0
266	33	0.0
22	135	0.0
321	303	0.0
122	210	0.0
160	63	0.0
302	7	0.0
150	201	0.0
316	250	0.0
173	265	0.0
328	236	0.0
12	39	0.0
228	27	0.0
97	279	0.0
103	222	0.0
25	301	0.0
259	243	0.0
144	27	0.0
220	14	0.0
259	54	0.0
252	186	0.0
80	219	0.0
200	14	0.0
299	148	0.0
328	197	0.0
183	151	0.0
193	200	0.0
22	276	0.0
135	160	0.0
145	101	0.0
273	285	0.0
16	20	0.0
16	197	0.0
255	177	0.0
324	306	0.0
137	222	0.0
24	27	0.0
285	54	0.0
255	235	0.0
289	235	0.0
170	197	0.0
97	20	0.0
4	201	0.0
144	248	0.0
146	98	0.0
185	326	0.0
270	141	0.0
163	145	0.0
57	41	0.0
253	310	0.0
109	99	0.0
42	91	0.0
56	36	0.0
69	252	0.0
132	174	0.0
22	231	0.0
69	89	0.0
77	219	0.0
2	305	0.0
173	209	0.0
209	57	0.0
114	303	0.0
124	151	0.0
183	44	0.0
212	97	0.0
308	198	0.0
209	61	0.0
208	217	0.0
224	57	0.0
208	323	0.0
267	294	0.0
231	91	0.0
44	222	0.0
283	83	0.0
247	158	0.0
7	199	0.0
42	167	0.0
247	276	0.0
238	149	0.0
142	201	0.0
120	199	0.0
269	83	0.0
285	25	0.0
285	294	0.0
326	245	0.0
231	23	0.0
226	23	0.0
59	82	0.0
285	92	0.0
71	267	0.0
109	92	0.0
16	218	0.0
109	12	0.0
120	135	0.0
31	186	0.0
313	210	0.0
327	69	0.0
321	193	0.0
42	47	0.0
259	283	0.0
191	19	0.0
143	328	0.0
102	27	0.0
220	224	0.0
183	198	0.0
89	278	0.0
193	294	0.0
37	255	0.0
24	286	0.0
24	181	0.0
83	1	0.0
259	114	0.0
51	22	0.0
285	328	0.0
305	312	0.0
173	294	0.0
327	265	0.0
55	1	0.0
285	47	0.0
82	182	0.0
251	271	0.0
18	19	0.0
31	300	0.0
324	201	0.0
290	209	0.0
64	56	0.0
285	310	0.0
301	227	0.0
37	148	0.0
266	271	0.0
217	103	0.0
313	228	0.0
301	36	0.0
14	1	0.0
174	265	0.0
202	252	0.0
131	164	0.0
202	141	0.0
321	290	0.0
47	229	0.0
263	39	0.0
276	323	0.0
243	114	0.0
308	185	0.0
3	135	0.0
255	186	0.0
173	14	0.0
104	299	0.0
106	191	0.0
37	12	0.0
263	311	0.0
310	186	0.0
294	250	0.0
295	12	0.0
282	12	0.0
282	288	0.0
198	201	0.0
301	311	0.0
323	278	0.0
302	306	0.0
302	278	0.0
247	198	0.0
269	292	0.0
74	210	0.0
219	303	0.0
183	306	0.0
251	318	0.0
227	312	0.0
212	204	0.0
282	262	0.0
200	142	0.0
25	264	0.0
296	248	0.0
204	82	0.0
109	191	0.0
24	288	0.0
183	312	0.0
264	61	0.0
310	262	0.0
80	86	0.0
64	166	0.0
20	142	0.0
61	167	0.0
55	252	0.0
38	102	0.0
321	272	0.0
22	142	0.0
25	54	0.0
18	250	0.0
238	95	0.0
158	222	0.0
16	142	0.0
46	4	0.0
318	177	0.0
150	324	0.0
290	308	0.0
181	95	0.0
64	294	0.0
150	302	0.0
228	294	0.0
20	33	0.0
124	95	0.0
118	92	0.0
247	102	0.0
167	304	0.0
285	59	0.0
4	75	0.0
104	160	0.0
28	114	0.0
48	74	0.0
188	148	0.0
299	287	0.0
285	188	0.0
118	255	0.0
295	27	0.0
286	245	0.0
295	326	0.0
25	224	0.0
326	198	0.0
152	36	0.0
269	248	0.0
46	28	0.0
197	294	0.0
145	226	0.0
241	114	0.0
64	327	0.0
318	25	0.0
264	75	0.0
115	316	0.0
254	1	0.0
306	286	0.0
290	104	0.0
306	75	0.0
107	311	0.0
69	23	0.0
143	195	0.0
2	316	0.0
290	89	0.0
295	104	0.0
288	218	0.0
109	195	0.0
25	177	0.0
270	151	0.0
109	289	0.0
22	82	0.0
113	82	0.0
269	286	0.0
18	195	0.0
321	181	0.0
193	279	0.0
227	54	0.0
95	199	0.0
83	174	0.0
120	64	0.0
227	228	0.0
209	219	0.0
163	186	0.0
308	91	0.0
160	207	0.0
28	271	0.0
301	164	0.0
18	14	0.0
321	115	0.0
310	19	0.0
122	1	0.0
151	15	0.0
328	289	0.0
197	67	0.0
285	83	0.0
109	323	0.0
208	183	0.0
47	262	0.0
241	268	0.0
92	235	0.0
282	311	0.0
173	313	0.0
247	304	0.0
181	197	0.0
25	26	0.0
28	14	0.0
42	308	0.0
12	267	0.0
185	286	0.0
118	219	0.0
97	25	0.0
292	89	0.0
101	300	0.0
254	318	0.0
164	59	0.0
117	108	0.0
202	3	0.0
28	313	0.0
117	262	0.0
16	294	0.0
285	279	0.0
143	138	0.0
7	198	0.0
227	142	0.0
103	167	0.0
285	228	0.0
197	82	0.0
158	95	0.0
103	278	0.0
15	36	0.0
308	283	0.0
22	102	0.0
54	47	0.0
117	103	0.0
209	114	0.0
34	236	0.0
131	132	0.0
191	279	0.0
31	273	0.0
197	108	0.0
117	98	0.0
28	248	0.0
321	236	0.0
313	4	0.0
245	83	0.0
44	296	0.0
308	95	0.0
208	229	0.0
141	312	0.0
264	30	0.0
245	142	0.0
212	12	0.0
269	19	0.0
302	131	0.0
202	98	0.0
12	186	0.0
243	252	0.0
263	271	0.0
15	148	0.0
22	27	0.0
20	200	0.0
109	149	0.0
42	141	0.0
98	300	0.0
145	272	0.0
247	204	0.0
294	210	0.0
295	57	0.0
268	1	0.0
302	59	0.0
95	59	0.0
78	7	0.0
290	198	0.0
327	160	0.0
193	224	0.0
222	294	0.0
109	259	0.0
200	152	0.0
249	252	0.0
151	310	0.0
290	166	0.0
95	122	0.0
16	98	0.0
321	69	0.0
252	67	0.0
109	102	0.0
217	108	0.0
263	56	0.0
195	235	0.0
251	245	0.0
141	291	0.0
38	306	0.0
132	122	0.0
47	240	0.0
254	251	0.0
181	248	0.0
34	197	0.0
137	49	0.0
185	199	0.0
263	276	0.0
199	210	0.0
82	265	0.0
217	122	0.0
46	18	0.0
144	44	0.0
55	313	0.0
183	279	0.0
107	198	0.0
255	204	0.0
98	26	0.0
51	57	0.0
103	323	0.0
80	167	0.0
218	26	0.0
12	193	0.0
51	306	0.0
30	195	0.0
95	201	0.0
80	325	0.0
20	182	0.0
243	296	0.0
172	122	0.0
305	228	0.0
273	316	0.0
57	294	0.0
306	19	0.0
282	172	0.0
148	304	0.0
63	36	0.0
57	26	0.0
80	197	0.0
18	323	0.0
99	82	0.0
16	253	0.0
159	271	0.0
167	294	0.0
157	83	0.0
300	83	0.0
212	222	0.0
172	316	0.0
25	325	0.0
149	75	0.0
185	313	0.0
157	114	0.0
325	219	0.0
198	278	0.0
109	210	0.0
42	152	0.0
101	1	0.0
289	23	0.0
300	226	0.0
241	4	0.0
114	235	0.0
310	279	0.0
306	172	0.0
264	59	0.0
324	64	0.0
138	219	0.0
220	222	0.0
55	36	0.0
102	75	0.0
253	272	0.0
181	114	0.0
48	204	0.0
98	89	0.0
243	200	0.0
288	57	0.0
77	245	0.0
102	186	0.0
26	108	0.0
2	132	0.0
25	287	0.0
98	61	0.0
137	202	0.0
34	229	0.0
27	287	0.0
137	291	0.0
306	228	0.0
164	286	0.0
220	95	0.0
28	132	0.0
183	227	0.0
15	27	0.0
78	91	0.0
323	36	0.0
247	210	0.0
222	174	0.0
44	228	0.0
263	209	0.0
28	138	0.0
149	199	0.0
78	290	0.0
99	208	0.0
247	321	0.0
218	311	0.0
217	183	0.0
170	201	0.0
290	313	0.0
143	97	0.0
217	262	0.0
183	30	0.0
173	264	0.0
318	160	0.0
313	164	0.0
118	198	0.0
323	219	0.0
321	231	0.0
259	207	0.0
253	101	0.0
18	300	0.0
77	325	0.0
55	170	0.0
98	292	0.0
283	108	0.0
145	262	0.0
217	219	0.0
109	117	1.0
71	326	0.0
269	300	0.0
78	71	0.0
273	262	0.0
285	114	0.0
59	286	0.0
19	122	0.0
269	12	0.0
31	250	0.0
131	140	0.0
268	14	0.0
263	174	0.0
37	268	0.0
282	247	0.0
247	202	0.0
305	36	0.0
188	209	0.0
328	271	0.0
310	23	0.0
166	218	0.0
283	114	0.0
163	144	0.0
104	227	0.0
263	95	0.0
304	207	0.0
312	63	0.0
204	265	0.0
136	36	0.0
34	248	0.0
289	74	0.0
151	294	0.0
301	240	0.0
18	20	0.0
27	312	0.0
327	207	0.0
16	1	0.0
146	250	0.0
290	149	0.0
42	114	0.0
31	188	0.0
249	210	0.0
41	140	0.0
69	185	0.0
248	1	0.0
157	325	0.0
51	71	0.0
138	199	0.0
103	294	0.0
280	210	0.0
224	160	0.0
302	107	0.0
170	86	0.0
174	1	0.0
238	285	0.0
157	204	0.0
12	23	0.0
276	142	0.0
150	63	0.0
247	75	0.0
117	204	0.0
318	245	0.0
245	174	0.0
15	265	0.0
222	198	0.0
143	224	0.0
20	148	0.0
226	229	0.0
292	107	0.0
183	135	0.0
295	49	0.0
22	20	0.0
136	252	0.0
304	174	0.0
247	288	0.0
141	101	0.0
98	74	0.0
241	20	0.0
163	311	0.0
188	140	0.0
15	240	0.0
238	49	0.0
166	4	0.0
170	300	0.0
202	64	0.0
103	18	0.0
18	286	0.0
236	198	0.0
268	54	0.0
49	27	0.0
92	41	0.0
227	140	0.0
204	271	0.0
266	267	0.0
98	235	0.0
49	141	0.0
283	172	0.0
227	271	0.0
120	131	0.0
326	36	0.0
16	252	0.0
269	107	0.0
158	199	0.0
217	135	0.0
18	89	0.0
252	265	0.0
283	312	0.0
310	54	0.0
290	204	0.0
266	95	0.0
202	135	0.0
55	303	0.0
132	199	0.0
41	311	0.0
124	199	0.0
316	195	0.0
30	197	0.0
120	91	0.0
158	132	0.0
302	88	0.0
191	304	0.0
92	249	0.0
48	323	0.0
98	328	0.0
269	103	0.0
16	201	0.0
294	291	0.0
16	177	0.0
122	142	0.0
99	185	0.0
7	252	0.0
57	197	0.0
212	146	0.0
78	166	0.0
109	28	0.0
150	279	0.0
305	15	0.0
238	207	0.0
280	200	0.0
64	316	0.0
22	250	0.0
173	210	0.0
55	157	0.0
137	288	0.0
24	312	0.0
241	22	0.0
48	177	0.0
248	39	0.0
157	222	0.0
78	220	0.0
80	23	0.0
124	132	0.0
266	273	0.0
243	44	0.0
106	198	0.0
107	1	0.0
240	74	0.0
263	135	0.0
318	255	0.0
37	209	0.0
208	278	0.0
241	231	0.0
325	83	0.0
197	311	0.0
24	272	0.0
120	219	0.0
159	164	0.0
46	308	0.0
51	117	0.0
217	7	0.0
158	18	0.0
316	67	0.0
299	262	0.0
146	57	0.0
212	167	0.0
254	30	0.0
247	27	0.0
255	316	0.0
16	97	0.0
122	195	0.0
266	101	0.0
310	294	0.0
300	278	0.0
318	138	0.0
271	195	0.0
67	33	0.0
200	41	0.0
31	26	0.0
207	219	0.0
141	272	0.0
24	321	0.0
144	245	0.0
102	200	0.0
208	220	0.0
12	235	0.0
290	172	0.0
288	278	0.0
305	104	0.0
135	74	0.0
268	197	0.0
295	122	0.0
102	245	0.0
287	174	0.0
71	158	0.0
150	145	0.0
99	287	0.0
115	148	0.0
103	312	0.0
228	138	0.0
28	278	0.0
271	14	0.0
61	114	0.0
22	182	0.0
48	219	0.0
259	195	0.0
302	172	0.0
106	248	0.0
99	264	0.0
228	39	0.0
301	326	0.0
238	104	0.0
33	63	0.0
106	310	0.0
106	210	0.0
132	160	0.0
170	181	0.0
270	312	0.0
118	54	0.0
231	82	0.0
191	108	0.0
103	177	0.0
276	197	0.0
141	185	0.0
7	304	0.0
208	269	0.0
228	181	0.0
308	235	0.0
227	115	0.0
31	327	0.0
325	195	0.0
222	39	0.0
37	182	0.0
166	15	0.0
157	92	0.0
247	95	0.0
114	14	0.0
46	97	0.0
308	7	0.0
305	80	0.0
135	108	0.0
98	152	0.0
266	136	0.0
241	301	0.0
33	304	0.0
308	201	0.0
150	142	0.0
226	325	0.0
263	80	0.0
318	167	0.0
24	183	0.0
318	228	0.0
20	89	0.0
166	92	0.0
132	236	0.0
144	186	0.0
16	23	0.0
141	23	0.0
3	19	0.0
321	288	0.0
266	186	0.0
204	89	0.0
328	57	0.0
266	19	0.0
137	39	0.0
54	20	0.0
268	204	0.0
188	306	0.0
49	228	0.0
255	14	0.0
2	249	0.0
118	289	0.0
173	15	0.0
199	82	0.0
34	33	1.0
150	308	0.0
285	77	0.0
117	323	0.0
220	310	0.0
306	249	0.0
101	222	0.0
151	182	0.0
137	301	0.0
318	131	0.0
120	313	0.0
97	200	0.0
97	117	0.0
288	132	0.0
183	300	0.0
98	323	0.0
276	210	0.0
248	36	0.0
324	249	0.0
97	144	0.0
99	269	0.0
15	191	0.0
218	210	0.0
102	115	0.0
271	219	0.0
64	98	0.0
292	41	0.0
159	220	0.0
276	44	0.0
150	22	0.0
255	167	0.0
109	38	0.0
282	23	0.0
318	198	0.0
282	251	0.0
109	20	0.0
328	172	0.0
295	283	0.0
220	226	0.0
288	122	0.0
282	193	0.0
64	280	0.0
290	74	0.0
273	197	0.0
15	23	0.0
270	103	0.0
299	63	0.0
146	117	0.0
173	3	0.0
158	67	0.0
238	212	0.0
290	77	0.0
27	36	0.0
188	280	0.0
197	177	0.0
164	229	0.0
280	240	0.0
44	82	0.0
55	270	0.0
159	262	0.0
195	210	0.0
218	313	0.0
289	91	0.0
269	136	0.0
259	157	0.0
266	313	0.0
183	25	0.0
312	279	0.0
181	210	0.0
44	177	0.0
163	262	0.0
282	67	0.0
120	47	0.0
106	152	0.0
131	108	0.0
296	27	0.0
263	303	0.0
102	167	0.0
18	207	0.0
280	157	0.0
104	294	0.0
64	252	0.0
308	182	0.0
267	138	0.0
170	186	0.0
117	115	1.0
212	91	0.0
296	148	0.0
207	245	0.0
150	294	0.0
146	33	0.0
15	132	0.0
312	177	0.0
118	229	0.0
264	248	0.0
117	26	0.0
173	327	0.0
150	240	0.0
122	311	0.0
282	306	0.0
55	294	0.0
42	28	0.0
267	228	0.0
49	251	0.0
254	20	0.0
327	240	0.0
224	300	0.0
82	23	0.0
31	226	0.0
22	59	0.0
212	102	0.0
44	219	0.0
259	321	0.0
92	107	0.0
98	249	0.0
327	144	0.0
282	59	0.0
38	174	0.0
185	138	0.0
57	201	0.0
54	267	0.0
151	75	0.0
12	271	0.0
311	1	0.0
42	249	0.0
204	101	0.0
321	324	0.0
18	265	0.0
270	198	0.0
224	1	0.0
218	177	0.0
324	44	0.0
252	27	0.0
54	57	0.0
103	287	0.0
308	222	0.0
238	71	0.0
208	12	0.0
140	39	0.0
231	195	0.0
228	91	0.0
102	304	0.0
220	240	0.0
285	33	0.0
305	152	0.0
144	34	0.0
172	26	0.0
99	316	0.0
193	316	0.0
106	291	0.0
263	106	0.0
173	218	0.0
238	80	0.0
252	91	0.0
263	235	0.0
137	306	0.0
3	283	0.0
28	86	0.0
159	252	0.0
136	264	0.0
305	177	0.0
131	188	0.0
289	36	0.0
209	54	0.0
136	89	0.0
222	323	0.0
188	145	0.0
150	25	0.0
132	228	0.0
22	200	0.0
324	231	0.0
24	306	0.0
167	88	0.0
267	311	0.0
109	137	0.0
92	286	0.0
75	236	0.0
31	23	0.0
48	283	0.0
254	325	0.0
254	23	0.0
268	195	0.0
227	132	0.0
305	160	0.0
71	182	0.0
64	186	0.0
321	74	0.0
199	311	0.0
16	115	0.0
63	91	0.0
282	207	0.0
116	191	0.0
80	172	0.0
285	224	0.0
308	311	0.0
143	163	0.0
71	138	0.0
4	316	0.0
251	108	0.0
64	198	0.0
119	268	0.0
38	245	0.0
124	54	0.0
75	219	0.0
33	89	0.0
218	47	0.0
208	158	0.0
218	20	0.0
308	264	0.0
327	199	0.0
71	195	0.0
299	140	0.0
148	303	0.0
267	1	0.0
253	255	0.0
198	291	0.0
146	287	0.0
204	160	0.0
109	303	0.0
64	119	0.0
212	136	0.0
38	26	0.0
202	229	0.0
166	34	0.0
183	207	0.0
15	82	0.0
28	218	0.0
131	303	0.0
306	44	0.0
24	241	0.0
188	92	0.0
267	164	0.0
327	229	0.0
114	39	0.0
212	3	0.0
273	217	0.0
82	14	0.0
227	108	0.0
236	235	1.0
77	74	0.0
16	174	0.0
321	120	0.0
49	220	0.0
67	23	0.0
282	249	0.0
227	283	0.0
290	22	0.0
228	75	0.0
107	325	0.0
278	39	0.0
26	245	0.0
209	326	0.0
80	310	0.0
220	306	0.0
305	132	0.0
228	252	0.0
48	222	0.0
327	181	0.0
135	75	0.0
117	140	0.0
268	218	0.0
251	115	0.0
224	248	0.0
254	183	0.0
188	279	0.0
137	304	0.0
247	172	0.0
326	278	0.0
285	149	0.0
302	86	0.0
295	67	0.0
61	89	0.0
135	172	0.0
144	172	0.0
61	83	0.0
135	326	0.0
137	61	0.0
193	136	0.0
115	236	0.0
268	193	0.0
149	102	0.0
103	27	0.0
102	57	0.0
49	229	0.0
285	108	0.0
318	108	0.0
251	4	0.0
148	272	0.0
290	229	0.0
61	199	0.0
16	28	0.0
141	306	0.0
24	63	0.0
288	18	0.0
218	249	0.0
12	19	0.0
142	177	0.0
166	28	0.0
149	80	0.0
282	228	0.0
34	67	0.0
30	27	0.0
69	152	0.0
7	191	0.0
292	164	0.0
24	207	0.0
151	91	0.0
146	124	0.0
27	140	0.0
247	220	0.0
99	26	0.0
122	186	0.0
183	264	0.0
146	115	0.0
37	200	0.0
253	250	0.0
269	15	0.0
78	185	0.0
202	4	0.0
263	291	0.0
120	264	0.0
124	186	0.0
204	249	0.0
280	28	0.0
186	91	0.0
131	263	0.0
288	310	0.0
148	152	0.0
136	197	0.0
285	98	0.0
74	14	0.0
42	283	0.0
209	82	0.0
170	188	0.0
137	220	0.0
252	325	0.0
243	186	0.0
120	166	0.0
118	157	0.0
217	12	0.0
183	235	0.0
136	316	0.0
19	323	0.0
249	95	0.0
150	120	0.0
91	235	0.0
217	48	0.0
120	151	0.0
198	59	0.0
308	197	0.0
12	218	0.0
117	243	0.0
49	197	0.0
308	304	0.0
18	101	0.0
259	122	0.0
24	122	0.0
28	210	0.0
42	12	0.0
308	193	0.0
98	67	0.0
159	201	0.0
282	227	0.0
46	197	0.0
54	177	0.0
241	304	0.0
166	231	0.0
144	106	0.0
328	250	0.0
159	209	0.0
61	296	0.0
305	299	0.0
120	227	0.0
285	57	0.0
222	219	0.0
99	157	0.0
202	20	0.0
247	238	0.0
12	197	0.0
109	271	0.0
115	23	0.0
22	204	0.0
312	182	0.0
292	75	0.0
302	135	0.0
27	89	0.0
152	186	0.0
37	287	0.0
228	82	0.0
114	291	0.0
321	33	0.0
99	238	0.0
289	313	0.0
238	249	0.0
209	30	0.0
25	299	0.0
202	149	0.0
146	88	0.0
185	207	0.0
238	22	0.0
243	289	0.0
107	304	0.0
137	243	0.0
173	22	0.0
103	301	0.0
259	286	0.0
51	42	0.0
167	86	0.0
269	262	0.0
247	191	0.0
77	114	0.0
316	252	0.0
20	236	0.0
56	292	0.0
202	243	0.0
42	92	0.0
150	20	0.0
238	136	0.0
146	243	0.0
61	248	0.0
183	91	0.0
20	235	0.0
117	158	0.0
208	157	0.0
137	323	0.0
276	14	0.0
202	222	0.0
136	255	0.0
117	36	0.0
254	255	1.0
22	195	0.0
75	240	0.0
31	109	0.0
104	268	0.0
135	41	0.0
56	59	0.0
98	287	0.0
48	325	0.0
224	75	0.0
67	272	0.0
98	41	0.0
108	265	0.0
217	1	0.0
159	142	0.0
166	144	0.0
204	177	0.0
271	54	0.0
75	26	0.0
37	142	0.0
124	20	0.0
56	34	0.0
46	241	0.0
208	107	0.0
324	83	0.0
249	279	0.0
269	224	0.0
302	163	0.0
268	141	0.0
282	266	0.0
38	33	0.0
212	303	0.0
48	312	0.0
136	325	0.0
138	200	0.0
24	157	0.0
243	106	0.0
149	106	0.0
193	91	0.0
220	263	0.0
163	3	0.0
49	124	0.0
143	132	0.0
38	107	0.0
222	41	0.0
61	325	0.0
113	316	0.0
44	140	0.0
313	18	0.0
119	38	0.0
4	59	0.0
308	195	0.0
117	104	0.0
46	250	0.0
301	303	0.0
217	182	0.0
109	103	0.0
243	253	0.0
220	280	0.0
115	325	0.0
280	286	0.0
132	323	0.0
236	195	0.0
136	48	0.0
104	271	0.0
99	304	0.0
95	67	0.0
167	1	0.0
37	188	0.0
119	158	0.0
150	229	0.0
316	249	0.0
46	78	0.0
31	27	0.0
253	19	0.0
288	326	0.0
97	325	0.0
143	174	0.0
80	195	0.0
143	47	0.0
212	106	0.0
217	59	0.0
204	236	0.0
124	38	0.0
308	63	0.0
255	83	0.0
288	115	0.0
255	304	0.0
241	328	0.0
264	34	0.0
238	135	0.0
46	92	0.0
222	250	0.0
18	316	0.0
199	278	0.0
321	113	0.0
198	108	0.0
312	186	0.0
51	272	0.0
20	86	0.0
20	226	0.0
143	245	0.0
269	57	0.0
47	142	0.0
103	30	0.0
136	63	0.0
101	14	0.0
289	287	0.0
306	181	0.0
305	199	0.0
106	41	0.0
46	114	0.0
208	114	0.0
54	279	0.0
18	303	0.0
117	248	0.0
241	88	0.0
208	22	0.0
131	102	0.0
268	101	0.0
270	83	0.0
271	197	0.0
46	294	0.0
301	310	0.0
163	321	0.0
15	279	0.0
220	204	0.0
263	44	0.0
27	201	0.0
63	229	0.0
28	142	0.0
243	182	0.0
249	57	0.0
42	201	0.0
166	82	0.0
227	195	0.0
24	59	0.0
269	182	0.0
78	3	0.0
224	286	0.0
170	157	0.0
47	95	0.0
137	104	0.0
285	164	0.0
207	186	0.0
16	83	0.0
302	249	0.0
241	286	0.0
55	318	0.0
25	286	0.0
273	144	0.0
42	80	0.0
61	54	0.0
172	229	0.0
207	91	0.0
289	316	0.0
31	325	0.0
150	283	0.0
286	177	0.0
269	48	0.0
48	102	0.0
243	103	0.0
2	311	0.0
212	74	0.0
280	107	0.0
202	318	0.0
16	38	0.0
64	122	0.0
273	186	0.0
46	193	0.0
47	181	0.0
98	103	0.0
321	224	0.0
51	301	0.0
188	249	0.0
37	248	0.0
160	199	0.0
269	268	0.0
15	195	0.0
217	311	0.0
174	250	0.0
301	135	0.0
78	199	0.0
104	181	0.0
131	27	0.0
318	313	0.0
124	63	0.0
3	44	0.0
25	200	0.0
209	249	0.0
283	294	0.0
57	23	0.0
326	174	0.0
301	92	0.0
137	135	0.0
14	303	0.0
193	313	0.0
46	276	0.0
77	207	0.0
80	63	0.0
78	25	0.0
12	326	0.0
104	33	0.0
227	74	0.0
263	27	0.0
271	228	0.0
271	231	0.0
208	287	0.0
289	92	0.0
151	115	0.0
280	106	0.0
290	131	0.0
199	182	0.0
12	15	0.0
150	292	0.0
199	294	0.0
201	303	0.0
136	174	0.0
327	164	0.0
131	92	0.0
77	248	0.0
222	226	0.0
137	38	0.0
99	325	0.0
104	77	0.0
69	92	0.0
137	210	0.0
141	108	0.0
34	20	0.0
49	4	0.0
144	181	0.0
253	323	0.0
92	240	0.0
217	199	0.0
136	311	0.0
247	41	0.0
75	39	0.0
170	243	0.0
15	209	0.0
290	107	0.0
227	264	0.0
289	291	0.0
325	272	0.0
101	201	0.0
328	312	0.0
33	245	0.0
163	12	0.0
251	326	0.0
266	253	0.0
64	304	0.0
151	235	0.0
22	294	0.0
22	310	0.0
157	326	0.0
148	27	0.0
63	250	0.0
97	236	0.0
273	95	0.0
273	276	0.0
288	54	0.0
166	158	0.0
188	272	0.0
7	280	0.0
49	92	0.0
289	264	0.0
224	95	0.0
143	91	0.0
291	311	0.0
150	23	0.0
324	39	0.0
217	170	0.0
113	164	0.0
113	136	0.0
267	249	0.0
318	299	0.0
148	91	0.0
77	279	0.0
305	64	0.0
104	301	0.0
316	245	0.0
146	195	0.0
208	254	0.0
199	1	0.0
146	7	0.0
135	228	0.0
48	253	0.0
157	249	0.0
282	119	0.0
3	231	0.0
2	306	0.0
218	231	0.0
99	89	0.0
163	39	0.0
324	67	0.0
51	98	0.0
135	145	0.0
2	266	0.0
327	103	0.0
312	83	0.0
170	240	0.0
259	302	0.0
306	4	0.0
163	327	0.0
37	283	0.0
69	80	0.0
138	272	0.0
143	136	0.0
103	316	0.0
243	278	0.0
42	286	0.0
115	140	0.0
167	140	0.0
212	141	0.0
276	195	0.0
131	1	0.0
31	285	0.0
228	240	0.0
166	294	0.0
106	207	0.0
26	182	0.0
3	312	0.0
20	59	0.0
136	204	0.0
149	57	0.0
243	268	0.0
117	34	0.0
222	312	0.0
131	122	0.0
259	27	0.0
193	148	0.0
131	287	0.0
255	323	0.0
207	39	0.0
158	181	0.0
218	279	0.0
245	294	0.0
159	1	0.0
55	300	0.0
27	199	0.0
99	177	0.0
231	182	0.0
151	323	0.0
324	304	0.0
283	95	0.0
27	33	0.0
290	271	0.0
109	224	0.0
200	108	0.0
137	63	0.0
102	279	0.0
198	174	0.0
166	182	0.0
12	327	0.0
270	44	0.0
273	118	0.0
98	291	0.0
204	279	0.0
37	198	0.0
137	74	0.0
109	262	0.0
24	97	0.0
318	4	0.0
183	286	0.0
117	267	0.0
146	278	0.0
37	235	0.0
259	151	0.0
273	236	0.0
167	279	0.0
122	272	0.0
51	212	0.0
202	195	0.0
44	4	0.0
228	325	0.0
208	286	0.0
157	36	0.0
316	1	0.0
117	272	0.0
282	289	0.0
268	33	0.0
160	89	0.0
218	229	0.0
212	202	0.0
249	74	0.0
212	229	0.0
247	166	0.0
270	262	0.0
37	63	0.0
120	74	0.0
137	199	0.0
56	185	0.0
97	136	0.0
299	30	0.0
251	164	0.0
113	174	0.0
101	323	0.0
159	286	0.0
16	106	0.0
137	141	1.0
37	30	0.0
289	115	0.0
25	22	0.0
259	36	0.0
247	55	0.0
248	177	0.0
124	325	0.0
217	286	0.0
302	300	0.0
259	290	0.0
136	33	0.0
268	207	0.0
200	296	0.0
69	267	0.0
27	226	0.0
254	14	0.0
212	78	0.0
318	59	0.0
324	19	0.0
202	292	0.0
270	267	0.0
263	14	0.0
64	4	0.0
288	328	0.0
252	278	0.0
61	198	0.0
37	71	0.0
255	44	0.0
204	19	0.0
328	245	0.0
75	172	0.0
301	287	0.0
159	25	0.0
204	182	0.0
78	89	0.0
270	286	0.0
226	108	0.0
28	195	0.0
306	27	0.0
99	191	0.0
2	25	0.0
181	229	0.0
240	199	0.0
247	229	0.0
295	253	0.0
173	69	0.0
173	82	0.0
212	23	0.0
7	80	0.0
106	172	0.0
290	91	0.0
159	218	0.0
264	41	0.0
282	204	0.0
64	41	0.0
31	12	0.0
16	279	0.0
67	291	0.0
31	295	0.0
238	218	0.0
222	26	0.0
273	75	0.0
42	218	0.0
273	208	0.0
209	20	0.0
209	135	0.0
27	279	0.0
197	235	0.0
71	289	0.0
22	145	0.0
141	195	0.0
268	136	0.0
7	27	0.0
200	199	0.0
55	280	0.0
106	89	0.0
209	291	0.0
7	71	0.0
220	131	0.0
69	276	0.0
222	240	0.0
49	200	0.0
170	299	0.0
270	74	0.0
173	151	0.0
217	218	0.0
224	23	0.0
83	14	0.0
273	141	0.0
228	311	0.0
69	67	0.0
160	272	0.0
302	149	0.0
269	27	0.0
238	23	0.0
39	303	0.0
276	200	0.0
115	296	0.0
305	255	0.0
247	148	0.0
2	83	0.0
273	283	0.0
25	267	0.0
143	294	0.0
71	44	0.0
2	324	0.0
28	177	0.0
3	148	0.0
222	140	0.0
103	299	0.0
3	167	0.0
117	152	0.0
78	279	0.0
64	195	0.0
99	106	0.0
80	138	0.0
16	103	0.0
2	67	0.0
49	305	0.0
295	198	0.0
170	306	0.0
308	160	0.0
120	122	0.0
117	313	0.0
289	142	0.0
191	122	0.0
310	89	0.0
49	61	0.0
193	115	0.0
328	301	0.0
98	272	0.0
131	271	0.0
97	245	0.0
166	33	0.0
290	228	0.0
113	135	0.0
19	174	0.0
305	263	0.0
137	48	0.0
159	27	0.0
302	28	0.0
255	145	0.0
267	167	0.0
238	310	0.0
310	114	0.0
97	240	0.0
163	14	0.0
64	228	0.0
157	316	0.0
25	136	0.0
218	283	0.0
188	26	0.0
150	199	0.0
253	201	0.0
173	115	0.0
56	1	0.0
118	271	0.0
236	272	0.0
103	114	0.0
292	174	0.0
197	304	0.0
172	279	0.0
131	294	0.0
18	167	0.0
254	253	0.0
149	61	0.0
98	313	0.0
24	310	0.0
46	56	0.0
12	151	0.0
188	25	0.0
181	312	0.0
31	313	0.0
273	207	0.0
48	229	0.0
124	148	0.0
259	254	1.0
227	57	0.0
157	283	0.0
157	4	0.0
149	22	0.0
249	195	0.0
146	183	0.0
259	201	0.0
220	30	0.0
38	20	0.0
146	15	0.0
321	28	0.0
278	279	0.0
222	195	0.0
109	236	0.0
204	292	0.0
193	83	0.0
159	182	0.0
135	313	0.0
99	305	0.0
25	253	0.0
282	115	0.0
163	325	0.0
289	191	0.0
55	272	0.0
318	19	0.0
164	86	0.0
255	33	0.0
240	181	0.0
183	83	0.0
7	222	0.0
146	303	0.0
305	290	0.0
183	59	0.0
92	74	0.0
200	26	0.0
113	116	1.0
193	328	0.0
321	47	0.0
273	48	0.0
254	145	0.0
44	142	0.0
150	198	0.0
16	22	0.0
212	30	0.0
255	249	0.0
288	101	0.0
78	325	0.0
120	306	0.0
30	181	0.0
273	131	0.0
3	172	0.0
318	300	0.0
285	15	0.0
302	71	0.0
86	142	0.0
301	191	0.0
51	310	0.0
295	39	0.0
173	263	0.0
49	64	0.0
259	89	0.0
92	91	0.0
295	265	0.0
67	142	0.0
282	136	0.0
157	255	0.0
99	114	0.0
28	222	0.0
75	248	0.0
46	304	0.0
217	15	0.0
143	285	0.0
288	131	0.0
238	311	0.0
263	185	0.0
141	115	0.0
151	252	0.0
243	218	0.0
135	291	0.0
238	301	0.0
104	267	0.0
146	227	0.0
24	236	0.0
7	138	0.0
173	149	0.0
302	321	0.0
145	265	0.0
120	195	0.0
3	227	0.0
46	231	0.0
55	82	0.0
78	197	0.0
308	226	0.0
306	240	0.0
313	54	0.0
2	137	0.0
3	236	0.0
47	182	0.0
208	103	0.0
264	63	0.0
259	294	0.0
198	323	0.0
263	326	0.0
226	91	0.0
24	47	0.0
285	91	0.0
218	39	0.0
143	263	0.0
69	135	0.0
318	15	0.0
285	226	0.0
328	135	0.0
144	1	0.0
163	136	0.0
254	39	0.0
78	265	0.0
269	193	0.0
174	91	0.0
77	303	0.0
117	23	0.0
318	122	0.0
78	12	0.0
159	97	0.0
135	61	0.0
124	286	0.0
302	210	0.0
313	88	0.0
290	1	0.0
44	267	0.0
220	3	0.0
146	265	0.0
259	140	0.0
279	182	0.0
193	271	0.0
97	210	0.0
49	265	0.0
294	39	0.0
12	34	0.0
188	236	0.0
55	83	0.0
301	262	0.0
24	316	0.0
173	95	0.0
212	48	0.0
104	56	0.0
24	92	0.0
24	300	0.0
4	265	0.0
99	240	0.0
222	199	0.0
33	108	0.0
37	288	0.0
292	200	0.0
191	201	0.0
152	279	0.0
220	98	0.0
306	89	0.0
77	209	0.0
143	115	0.0
276	255	0.0
16	195	0.0
313	219	0.0
259	91	0.0
71	89	0.0
117	145	0.0
136	92	0.0
117	101	0.0
31	131	0.0
181	27	0.0
300	197	0.0
61	108	0.0
106	177	0.0
228	14	0.0
92	222	0.0
220	327	0.0
136	151	0.0
270	325	0.0
37	118	0.0
202	265	0.0
4	39	0.0
77	80	0.0
282	106	0.0
217	193	0.0
300	57	0.0
263	240	0.0
227	199	0.0
282	158	0.0
305	323	0.0
120	300	0.0
321	82	0.0
51	78	0.0
99	181	0.0
4	262	0.0
37	326	0.0
208	280	0.0
149	92	0.0
7	200	0.0
236	142	0.0
167	250	0.0
159	41	0.0
75	145	0.0
313	44	0.0
46	158	0.0
300	240	0.0
266	325	0.0
266	97	0.0
144	41	0.0
132	148	0.0
197	122	0.0
146	181	0.0
208	18	0.0
308	288	0.0
64	207	0.0
326	47	0.0
140	174	0.0
42	39	0.0
104	263	0.0
59	186	0.0
302	217	0.0
117	44	0.0
157	54	0.0
266	25	0.0
227	286	0.0
220	20	0.0
166	279	0.0
204	18	0.0
295	268	0.0
305	201	0.0
103	174	0.0
270	30	0.0
255	80	0.0
276	145	0.0
299	207	0.0
150	172	0.0
227	135	0.0
273	122	0.0
231	226	0.0
104	195	0.0
282	185	0.0
34	75	0.0
269	276	0.0
120	77	0.0
25	300	0.0
321	326	0.0
28	83	0.0
124	292	0.0
224	18	0.0
91	291	0.0
301	299	0.0
149	172	0.0
290	289	0.0
204	222	0.0
69	286	0.0
327	289	0.0
202	106	0.0
150	15	0.0
193	262	0.0
182	250	0.0
98	255	0.0
89	177	0.0
30	201	0.0
117	311	0.0
98	286	0.0
137	91	0.0
64	107	0.0
195	91	0.0
212	18	0.0
160	181	0.0
280	236	0.0
212	98	0.0
109	170	0.0
324	243	0.0
254	182	0.0
18	34	0.0
254	148	0.0
31	108	0.0
302	83	0.0
141	74	0.0
20	278	0.0
31	80	0.0
253	63	0.0
28	325	0.0
163	209	0.0
217	280	0.0
118	74	0.0
132	138	0.0
150	238	0.0
253	209	0.0
22	67	0.0
269	209	0.0
259	124	0.0
328	141	0.0
80	101	0.0
243	14	0.0
119	34	0.0
209	229	0.0
107	245	0.0
148	287	0.0
271	279	0.0
227	19	0.0
26	286	0.0
25	328	0.0
150	248	0.0
220	300	0.0
185	23	0.0
251	30	0.0
15	201	0.0
77	157	0.0
146	142	0.0
310	287	0.0
259	183	0.0
295	61	0.0
78	38	0.0
283	199	0.0
99	104	0.0
137	208	0.0
63	235	0.0
217	91	0.0
218	240	0.0
185	115	0.0
158	198	0.0
77	41	0.0
143	64	0.0
80	207	0.0
109	140	0.0
42	318	0.0
270	164	0.0
217	124	0.0
170	42	0.0
157	44	0.0
305	82	0.0
282	18	0.0
198	294	0.0
276	186	0.0
16	210	0.0
149	236	0.0
166	151	0.0
44	107	0.0
2	191	0.0
24	219	0.0
42	57	0.0
157	252	0.0
117	114	1.0
326	229	0.0
270	316	0.0
170	138	0.0
159	104	0.0
217	4	0.0
270	265	0.0
61	231	0.0
313	26	0.0
181	82	0.0
313	278	0.0
202	83	0.0
183	1	0.0
47	199	0.0
247	138	0.0
49	210	0.0
34	57	0.0
324	89	0.0
271	160	0.0
99	218	0.0
149	235	0.0
64	286	0.0
115	235	0.0
28	219	0.0
224	294	0.0
318	186	0.0
131	193	0.0
56	306	0.0
59	312	0.0
224	265	0.0
251	14	0.0
193	299	0.0
3	299	0.0
83	195	0.0
296	160	0.0
183	291	0.0
42	64	0.0
95	229	0.0
267	115	0.0
104	279	0.0
204	186	0.0
286	83	0.0
131	229	0.0
131	316	0.0
37	33	0.0
19	67	0.0
324	25	0.0
151	92	0.0
28	264	0.0
220	304	0.0
120	107	0.0
3	27	0.0
313	250	0.0
151	311	0.0
22	245	0.0
305	106	0.0
282	120	0.0
30	74	0.0
306	138	0.0
28	250	0.0
268	283	0.0
173	106	0.0
321	135	0.0
163	250	0.0
137	209	0.0
104	218	0.0
114	207	0.0
115	174	0.0
25	236	0.0
31	279	0.0
41	1	0.0
199	325	0.0
137	92	0.0
251	67	0.0
241	117	0.0
49	328	0.0
167	265	0.0
217	265	0.0
141	300	0.0
254	33	0.0
57	186	0.0
54	95	0.0
77	311	0.0
4	164	0.0
92	219	0.0
135	57	0.0
209	47	0.0
270	61	0.0
108	303	0.0
270	142	0.0
75	198	0.0
120	235	0.0
71	278	0.0
270	88	0.0
302	236	0.0
16	265	0.0
200	300	0.0
42	101	0.0
27	1	0.0
166	276	0.0
157	209	0.0
38	228	0.0
262	108	0.0
170	177	0.0
38	219	0.0
42	138	0.0
269	255	0.0
99	204	0.0
131	82	0.0
305	54	0.0
269	222	0.0
263	249	0.0
288	141	0.0
143	54	0.0
19	182	0.0
163	138	0.0
42	219	0.0
7	248	0.0
137	207	0.0
98	226	0.0
327	148	0.0
323	91	0.0
25	312	0.0
226	1	0.0
253	172	0.0
253	195	0.0
24	301	0.0
141	326	0.0
292	228	0.0
310	39	0.0
220	7	0.0
115	59	0.0
328	264	0.0
202	240	0.0
103	77	0.0
77	191	0.0
149	195	0.0
200	95	0.0
270	26	0.0
285	20	0.0
276	294	0.0
300	249	0.0
285	18	0.0
204	95	0.0
288	199	0.0
141	82	0.0
295	132	0.0
152	265	0.0
12	164	0.0
217	151	0.0
254	59	0.0
136	253	0.0
323	88	0.0
143	236	0.0
254	115	0.0
16	89	0.0
80	114	0.0
183	39	0.0
103	115	0.0
49	312	0.0
49	193	0.0
193	278	0.0
164	63	0.0
188	200	0.0
218	252	0.0
185	145	0.0
44	207	0.0
54	26	0.0
191	83	0.0
241	222	0.0
104	250	0.0
240	207	0.0
144	33	0.0
209	271	0.0
204	75	0.0
7	310	0.0
107	63	0.0
118	4	0.0
151	160	0.0
137	132	0.0
136	313	0.0
141	240	0.0
122	41	0.0
183	204	0.0
219	182	0.0
4	325	0.0
143	305	0.0
191	200	0.0
54	19	0.0
120	114	0.0
44	195	0.0
285	132	0.0
208	28	0.0
16	36	0.0
136	280	0.0
18	198	0.0
124	236	0.0
318	148	0.0
137	138	1.0
210	14	0.0
327	252	0.0
241	23	0.0
186	235	0.0
19	91	0.0
289	249	0.0
170	103	0.0
97	198	0.0
142	250	0.0
124	231	0.0
23	303	0.0
188	132	0.0
173	252	0.0
238	181	0.0
33	210	0.0
89	108	0.0
92	88	0.0
122	265	0.0
44	325	0.0
55	77	0.0
231	59	0.0
48	71	0.0
30	36	0.0
313	132	0.0
104	108	0.0
99	262	0.0
99	217	0.0
131	18	0.0
151	174	0.0
20	286	0.0
172	198	0.0
137	140	1.0
120	132	0.0
212	218	0.0
268	226	0.0
149	82	0.0
302	142	0.0
305	182	0.0
197	262	0.0
16	120	0.0
170	271	0.0
243	54	0.0
301	132	0.0
259	245	0.0
212	193	0.0
15	227	0.0
280	56	0.0
286	262	0.0
74	195	0.0
305	83	0.0
80	283	0.0
321	226	0.0
269	210	0.0
23	291	0.0
77	198	0.0
18	114	0.0
74	122	0.0
98	198	0.0
228	222	0.0
157	80	0.0
42	220	0.0
25	114	0.0
251	12	0.0
138	27	0.0
120	210	0.0
137	226	0.0
22	71	0.0
89	195	0.0
2	208	0.0
30	296	0.0
144	191	0.0
267	27	0.0
113	57	0.0
295	325	0.0
243	39	0.0
149	304	0.0
253	252	0.0
318	197	0.0
61	19	0.0
218	186	0.0
97	270	0.0
143	164	0.0
218	209	0.0
49	108	0.0
227	250	0.0
202	313	0.0
282	16	0.0
136	226	0.0
138	197	0.0
124	47	0.0
321	140	0.0
273	23	0.0
302	209	0.0
268	44	0.0
240	177	0.0
313	36	0.0
101	41	0.0
149	323	0.0
327	135	0.0
238	294	0.0
124	311	0.0
59	279	0.0
283	91	0.0
251	34	0.0
160	278	0.0
321	104	0.0
77	19	0.0
177	36	0.0
218	107	0.0
71	222	0.0
197	152	0.0
254	288	0.0
46	47	1.0
163	306	0.0
269	291	0.0
259	188	0.0
78	195	0.0
186	108	0.0
37	48	0.0
218	89	0.0
55	102	0.0
99	102	0.0
55	177	0.0
251	201	0.0
270	283	0.0
16	305	0.0
25	158	0.0
77	152	0.0
217	80	0.0
141	182	0.0
54	325	0.0
191	250	0.0
228	249	0.0
64	226	0.0
78	289	0.0
302	303	0.0
289	283	0.0
150	33	0.0
217	98	0.0
124	278	0.0
254	132	0.0
241	228	0.0
49	14	0.0
42	103	0.0
306	167	0.0
142	1	0.0
238	313	0.0
30	219	0.0
188	296	0.0
170	326	0.0
197	219	0.0
170	286	0.0
78	92	0.0
306	82	0.0
15	296	0.0
20	172	0.0
247	173	0.0
12	136	0.0
138	181	0.0
144	82	0.0
163	291	0.0
47	312	0.0
20	198	0.0
44	114	0.0
55	7	0.0
266	201	0.0
55	201	0.0
248	195	0.0
183	107	0.0
44	287	0.0
140	83	0.0
109	18	0.0
251	279	0.0
271	95	0.0
288	269	0.0
97	108	0.0
59	207	0.0
266	36	0.0
285	71	0.0
101	107	0.0
2	323	0.0
24	1	0.0
16	3	0.0
142	279	0.0
135	142	0.0
37	202	0.0
268	26	0.0
172	59	0.0
243	222	0.0
44	63	0.0
137	181	0.0
200	30	0.0
23	235	0.0
238	306	0.0
42	75	0.0
204	267	0.0
268	313	0.0
321	291	0.0
104	172	0.0
282	160	0.0
238	259	0.0
323	174	0.0
268	286	0.0
59	229	0.0
253	303	0.0
227	182	0.0
197	325	0.0
102	235	0.0
109	292	0.0
217	255	0.0
61	250	0.0
151	313	0.0
98	289	0.0
102	107	0.0
109	285	0.0
301	218	0.0
103	41	0.0
20	57	0.0
301	122	0.0
143	48	0.0
99	198	0.0
202	167	0.0
290	249	0.0
217	47	0.0
263	115	0.0
193	229	0.0
98	82	0.0
49	201	0.0
286	91	0.0
120	250	0.0
71	108	0.0
59	89	0.0
54	41	0.0
56	181	0.0
271	26	0.0
15	313	0.0
318	149	0.0
264	303	0.0
268	199	0.0
56	222	0.0
150	278	0.0
271	248	0.0
283	207	0.0
191	300	0.0
185	14	0.0
120	209	0.0
326	107	0.0
115	265	0.0
150	114	0.0
109	166	0.0
7	59	0.0
185	278	0.0
283	299	0.0
7	285	0.0
151	265	0.0
302	25	0.0
151	61	0.0
18	145	0.0
188	30	0.0
321	271	0.0
82	279	0.0
78	144	0.0
282	138	0.0
302	253	0.0
185	191	0.0
31	312	0.0
4	296	0.0
208	228	0.0
103	210	0.0
144	174	0.0
152	303	0.0
113	101	0.0
163	106	0.0
77	102	0.0
54	236	0.0
38	198	0.0
95	226	0.0
146	36	0.0
273	305	0.0
301	59	0.0
163	254	0.0
188	228	0.0
30	148	0.0
132	316	0.0
259	166	0.0
64	108	0.0
270	3	0.0
7	47	0.0
292	95	0.0
102	92	0.0
247	99	0.0
324	56	0.0
42	269	0.0
106	92	0.0
181	226	0.0
151	20	0.0
46	115	0.0
59	245	0.0
316	186	0.0
71	157	0.0
183	18	0.0
92	86	0.0
200	226	0.0
217	64	0.0
301	253	0.0
116	291	0.0
325	82	0.0
119	75	0.0
212	173	0.0
308	191	0.0
218	174	0.0
47	172	0.0
313	240	0.0
247	303	0.0
48	286	0.0
98	326	0.0
22	207	0.0
240	82	0.0
253	299	0.0
24	265	0.0
27	294	0.0
24	18	0.0
224	135	0.0
99	268	0.0
270	296	0.0
247	92	0.0
124	74	0.0
146	138	0.0
92	122	0.0
148	41	0.0
12	303	0.0
95	140	0.0
97	83	0.0
173	188	0.0
55	289	0.0
249	248	0.0
107	26	0.0
268	115	0.0
318	30	0.0
141	267	0.0
150	31	0.0
283	323	0.0
304	177	0.0
249	19	0.0
263	167	0.0
220	185	0.0
137	217	0.0
183	69	0.0
12	138	0.0
137	235	0.0
42	253	0.0
202	201	1.0
48	289	0.0
318	326	0.0
185	210	0.0
16	95	0.0
217	328	0.0
306	102	0.0
140	265	0.0
163	287	0.0
22	227	0.0
150	289	0.0
266	108	0.0
49	326	0.0
71	185	0.0
255	107	0.0
302	74	0.0
271	210	0.0
326	160	0.0
64	69	0.0
119	226	0.0
321	80	0.0
56	14	0.0
157	82	0.0
273	286	0.0
31	302	0.0
241	160	0.0
160	142	0.0
252	226	0.0
136	141	1.0
289	177	0.0
251	83	0.0
287	177	0.0
37	34	0.0
292	231	0.0
173	12	0.0
217	303	0.0
310	272	0.0
324	318	0.0
15	167	0.0
22	1	0.0
109	146	0.0
132	195	0.0
254	107	0.0
288	294	0.0
120	25	0.0
197	114	0.0
38	67	0.0
34	240	0.0
227	83	0.0
99	290	0.0
220	157	0.0
122	250	0.0
220	316	0.0
266	222	0.0
69	304	0.0
202	166	0.0
107	142	0.0
25	292	0.0
283	88	0.0
273	272	0.0
200	249	0.0
16	54	0.0
12	250	0.0
113	197	0.0
31	305	0.0
301	181	0.0
48	34	0.0
80	303	0.0
51	160	0.0
101	207	0.0
290	255	0.0
101	198	0.0
227	306	0.0
279	201	0.0
164	172	0.0
55	323	0.0
220	286	0.0
324	219	0.0
144	278	0.0
51	285	0.0
77	226	0.0
115	152	0.0
306	34	0.0
323	108	0.0
22	304	0.0
46	164	0.0
177	174	1.0
220	56	0.0
144	265	0.0
302	207	0.0
137	71	0.0
292	272	0.0
218	18	0.0
101	197	0.0
159	106	0.0
54	272	0.0
108	174	0.0
99	270	0.0
163	218	0.0
42	210	0.0
124	177	0.0
99	143	0.0
188	116	0.0
28	294	0.0
228	30	0.0
271	226	0.0
290	160	0.0
208	1	0.0
313	291	0.0
208	55	0.0
191	33	0.0
149	193	0.0
324	182	0.0
80	26	0.0
98	294	0.0
82	245	0.0
152	83	0.0
166	12	0.0
202	77	0.0
160	195	0.0
273	181	0.0
252	311	0.0
46	224	0.0
31	236	0.0
20	296	0.0
263	61	0.0
288	296	0.0
271	122	0.0
167	39	0.0
282	280	0.0
306	54	0.0
212	69	0.0
143	25	0.0
118	251	0.0
22	279	0.0
138	74	0.0
131	48	0.0
2	166	0.0
42	229	0.0
106	182	0.0
262	91	0.0
219	291	0.0
164	248	0.0
157	91	0.0
148	279	0.0
31	306	0.0
266	15	0.0
328	160	0.0
4	86	0.0
16	149	0.0
18	83	0.0
183	61	0.0
46	296	0.0
172	82	0.0
217	74	0.0
102	286	0.0
282	254	0.0
327	228	0.0
177	14	0.0
117	57	0.0
202	236	0.0
143	144	0.0
326	207	0.0
46	103	0.0
209	148	0.0
97	18	0.0
321	157	0.0
247	287	0.0
247	188	0.0
143	222	0.0
124	218	0.0
254	287	0.0
164	23	0.0
46	199	0.0
301	300	0.0
74	26	0.0
59	248	0.0
75	23	0.0
328	145	0.0
146	290	0.0
55	311	0.0
141	209	0.0
74	250	0.0
99	77	0.0
104	249	0.0
251	54	0.0
318	327	0.0
236	262	0.0
12	172	0.0
31	301	0.0
220	132	0.0
308	14	0.0
188	36	0.0
25	201	0.0
15	245	0.0
150	250	0.0
135	14	0.0
229	1	0.0
119	316	0.0
64	326	0.0
241	299	0.0
37	224	0.0
12	199	0.0
306	67	0.0
164	101	0.0
288	245	0.0
185	311	0.0
270	227	0.0
97	54	0.0
16	148	0.0
173	91	0.0
2	95	0.0
243	135	0.0
144	71	0.0
204	41	0.0
25	38	0.0
254	219	0.0
266	44	0.0
243	195	0.0
167	311	0.0
272	250	0.0
132	272	0.0
75	63	0.0
44	303	0.0
56	71	0.0
326	177	0.0
55	193	0.0
247	28	0.0
163	243	0.0
46	316	0.0
24	151	0.0
2	28	0.0
212	26	0.0
305	235	0.0
120	252	0.0
135	95	0.0
42	287	0.0
188	82	0.0
208	108	0.0
269	229	0.0
131	186	0.0
24	259	0.0
16	207	0.0
149	71	0.0
313	83	0.0
2	38	0.0
301	323	0.0
285	26	0.0
28	299	0.0
151	278	0.0
163	18	0.0
102	323	0.0
83	250	0.0
71	299	0.0
222	304	0.0
170	202	0.0
124	172	0.0
4	83	0.0
231	287	0.0
114	219	0.0
2	104	0.0
51	286	0.0
264	140	0.0
280	41	0.0
49	33	0.0
328	240	0.0
109	238	0.0
251	240	0.0
326	325	1.0
241	1	0.0
220	326	0.0
301	200	0.0
57	181	0.0
255	236	0.0
255	95	0.0
124	188	0.0
280	323	0.0
255	306	0.0
318	141	0.0
300	152	0.0
44	279	0.0
140	262	0.0
16	12	0.0
252	1	0.0
268	304	0.0
198	248	0.0
212	323	0.0
49	209	0.0
102	39	0.0
304	312	0.0
61	95	0.0
310	219	0.0
302	118	0.0
55	202	0.0
19	303	0.0
135	278	0.0
305	151	0.0
145	59	0.0
142	14	0.0
172	272	0.0
159	288	0.0
218	255	0.0
318	44	0.0
218	4	0.0
302	219	0.0
83	235	0.0
120	283	0.0
264	236	0.0
321	98	0.0
151	279	0.0
109	312	0.0
102	152	0.0
302	132	0.0
46	236	0.0
107	27	0.0
209	27	0.0
141	95	0.0
98	267	0.0
103	75	0.0
49	283	0.0
131	151	0.0
44	323	0.0
191	231	0.0
328	262	0.0
263	287	0.0
164	262	0.0
177	39	0.0
287	294	0.0
98	1	0.0
12	289	0.0
172	74	0.0
151	36	0.0
209	92	0.0
92	199	0.0
185	186	0.0
78	291	0.0
251	104	0.0
270	222	0.0
137	183	0.0
266	177	0.0
164	235	0.0
251	268	0.0
117	303	0.0
92	89	0.0
16	104	0.0
109	98	0.0
202	174	0.0
288	107	0.0
22	201	0.0
185	164	0.0
3	197	0.0
224	312	0.0
106	289	0.0
92	250	0.0
166	18	0.0
152	199	0.0
202	279	0.0
118	98	0.0
28	279	0.0
135	226	0.0
220	303	0.0
227	114	0.0
99	271	0.0
113	63	0.0
28	20	0.0
51	313	0.0
37	164	0.0
18	44	0.0
109	33	0.0
305	204	0.0
124	235	0.0
243	316	0.0
34	177	0.0
254	316	0.0
16	173	0.0
61	140	0.0
272	245	0.0
146	145	0.0
25	18	0.0
137	30	0.0
104	255	0.0
251	172	0.0
236	107	0.0
2	291	0.0
273	278	0.0
61	59	0.0
24	170	0.0
160	311	0.0
172	248	0.0
97	255	0.0
195	177	0.0
249	1	0.0
28	69	0.0
69	106	0.0
241	74	0.0
20	231	0.0
259	280	0.0
75	222	0.0
164	174	0.0
222	210	0.0
255	289	0.0
146	135	0.0
77	289	0.0
238	101	0.0
280	39	0.0
313	138	0.0
282	240	0.0
46	259	0.0
259	305	0.0
140	291	0.0
136	19	0.0
97	59	0.0
137	228	0.0
19	186	0.0
183	89	0.0
78	249	0.0
191	34	0.0
170	22	0.0
251	75	0.0
202	33	0.0
255	312	0.0
199	262	0.0
243	113	0.0
118	108	0.0
137	26	0.0
167	249	0.0
268	138	0.0
218	56	0.0
7	167	0.0
34	272	0.0
137	1	0.0
4	240	0.0
296	272	0.0
67	325	0.0
208	188	0.0
119	174	0.0
22	278	0.0
266	312	0.0
325	142	0.0
143	327	0.0
251	135	0.0
321	61	0.0
159	263	0.0
163	27	0.0
259	92	0.0
131	136	0.0
198	199	0.0
204	199	0.0
299	304	0.0
71	287	0.0
12	323	0.0
228	323	0.0
285	253	0.0
64	131	0.0
143	117	0.0
209	142	0.0
48	164	0.0
308	272	0.0
24	131	0.0
31	142	0.0
202	67	0.0
280	272	0.0
183	95	0.0
138	303	0.0
310	4	0.0
51	67	0.0
327	36	0.0
254	231	0.0
285	292	0.0
280	201	0.0
255	226	0.0
163	263	0.0
42	323	0.0
270	138	0.0
149	218	0.0
118	269	0.0
120	188	0.0
208	289	0.0
236	30	0.0
83	36	0.0
109	226	0.0
188	198	0.0
25	19	0.0
106	240	0.0
263	286	0.0
99	296	0.0
117	240	0.0
285	41	0.0
37	210	0.0
46	22	0.0
241	115	0.0
42	160	0.0
143	296	0.0
141	310	0.0
296	325	0.0
78	115	0.0
115	26	0.0
208	166	0.0
270	255	0.0
247	248	0.0
289	262	0.0
49	136	0.0
109	19	0.0
268	23	0.0
305	185	0.0
290	4	0.0
247	197	0.0
109	326	0.0
46	20	0.0
48	108	0.0
327	253	0.0
99	259	0.0
3	310	0.0
183	231	0.0
30	287	0.0
310	326	0.0
159	55	0.0
77	186	0.0
280	306	0.0
149	89	0.0
117	201	0.0
22	56	0.0
321	25	0.0
249	182	0.0
166	115	0.0
167	14	0.0
97	124	0.0
160	23	0.0
42	33	0.0
2	103	0.0
328	325	0.0
238	283	0.0
304	23	0.0
185	276	0.0
46	255	0.0
19	14	0.0
136	279	0.0
200	195	0.0
259	136	0.0
231	303	0.0
75	1	0.0
117	113	1.0
69	20	0.0
146	312	0.0
144	200	0.0
19	152	0.0
292	229	0.0
64	80	0.0
272	36	0.0
113	102	0.0
12	195	0.0
305	183	0.0
143	292	0.0
288	262	0.0
42	272	0.0
142	265	0.0
170	327	0.0
282	173	0.0
33	312	0.0
150	78	0.0
183	313	0.0
248	174	0.0
31	174	0.0
104	296	0.0
270	226	0.0
119	26	0.0
183	145	0.0
273	311	0.0
217	22	0.0
31	328	0.0
181	323	0.0
186	174	0.0
255	311	0.0
212	86	0.0
241	113	0.0
27	142	0.0
252	39	0.0
78	240	0.0
15	222	0.0
318	210	0.0
25	304	0.0
231	272	0.0
299	145	0.0
193	27	0.0
273	182	0.0
321	296	0.0
104	210	0.0
289	135	0.0
37	159	0.0
42	226	0.0
321	136	0.0
15	3	0.0
7	253	0.0
49	140	0.0
200	312	0.0
243	83	0.0
278	36	0.0
97	34	0.0
61	312	0.0
193	181	0.0
241	89	0.0
136	287	0.0
89	262	0.0
273	80	0.0
193	265	0.0
49	306	0.0
38	283	0.0
183	199	0.0
99	33	0.0
31	276	0.0
64	23	0.0
183	82	0.0
106	229	0.0
143	197	0.0
324	200	0.0
150	49	0.0
208	54	0.0
193	310	0.0
173	318	0.0
208	209	0.0
324	108	0.0
170	115	0.0
324	255	0.0
31	22	0.0
118	250	0.0
318	181	0.0
251	44	0.0
327	22	0.0
22	325	0.0
102	191	0.0
104	38	0.0
26	265	0.0
150	97	0.0
241	182	0.0
56	61	0.0
251	86	0.0
304	278	0.0
326	248	0.0
282	80	0.0
287	262	0.0
104	272	0.0
16	172	0.0
55	160	0.0
301	148	0.0
148	83	0.0
159	18	0.0
137	305	0.0
290	82	0.0
280	1	0.0
59	63	0.0
290	108	0.0
318	91	0.0
51	207	0.0
324	270	0.0
188	141	0.0
267	172	0.0
120	82	0.0
264	262	0.0
209	19	0.0
143	170	0.0
167	23	0.0
158	34	0.0
302	198	0.0
217	207	0.0
115	240	0.0
20	250	0.0
38	182	0.0
267	74	0.0
166	299	0.0
59	174	0.0
136	14	0.0
49	177	0.0
252	95	0.0
2	1	0.0
212	25	0.0
198	26	0.0
106	19	0.0
38	77	0.0
117	188	0.0
279	303	0.0
51	140	0.0
15	283	0.0
136	182	0.0
226	219	0.0
28	303	0.0
301	172	0.0
245	291	0.0
22	122	0.0
279	39	0.0
102	23	0.0
141	313	0.0
16	159	0.0
49	164	0.0
75	249	0.0
313	279	0.0
137	287	0.0
251	157	0.0
15	271	0.0
311	265	0.0
44	226	0.0
145	74	0.0
98	229	0.0
124	263	0.0
302	101	0.0
241	59	0.0
99	220	0.0
197	245	0.0
181	201	0.0
268	89	0.0
173	181	0.0
150	310	0.0
289	107	0.0
42	181	0.0
24	273	0.0
288	80	0.0
310	174	0.0
7	286	0.0
42	174	0.0
266	195	0.0
22	3	0.0
188	235	0.0
103	289	0.0
218	41	0.0
102	82	0.0
99	41	0.0
218	250	0.0
150	54	0.0
193	23	0.0
101	231	0.0
285	145	0.0
109	177	0.0
269	38	0.0
301	57	0.0
300	91	0.0
37	98	0.0
243	22	0.0
282	209	0.0
106	34	0.0
238	185	0.0
220	80	0.0
142	174	0.0
80	323	0.0
254	248	0.0
74	278	0.0
166	83	0.0
31	267	0.0
55	164	0.0
2	34	0.0
49	149	0.0
7	188	0.0
31	231	0.0
212	278	0.0
7	44	0.0
113	236	0.0
49	182	0.0
19	262	0.0
18	164	0.0
16	166	0.0
31	198	0.0
273	54	0.0
227	157	0.0
327	279	0.0
149	204	0.0
99	252	0.0
102	67	0.0
49	207	0.0
259	324	0.0
56	283	0.0
202	285	0.0
202	283	0.0
204	198	0.0
318	283	0.0
328	227	0.0
173	59	0.0
191	240	0.0
290	18	0.0
173	148	0.0
305	253	0.0
69	44	0.0
151	28	0.0
185	195	0.0
286	182	0.0
150	304	0.0
24	276	0.0
305	48	0.0
193	312	0.0
56	299	0.0
51	326	0.0
38	145	0.0
324	280	0.0
3	287	0.0
287	39	0.0
251	152	0.0
69	199	0.0
254	151	0.0
326	219	0.0
302	280	0.0
118	71	0.0
302	27	0.0
255	1	0.0
145	245	0.0
64	28	0.0
138	115	0.0
276	91	0.0
321	183	0.0
247	61	0.0
31	57	0.0
98	142	0.0
263	91	0.0
202	12	0.0
238	193	0.0
135	245	0.0
142	210	0.0
224	219	0.0
164	19	0.0
38	44	0.0
145	92	0.0
282	57	0.0
119	303	0.0
143	74	0.0
212	217	0.0
271	174	0.0
18	91	0.0
228	177	0.0
208	95	0.0
328	204	0.0
144	316	0.0
146	219	0.0
12	248	0.0
308	30	0.0
26	248	0.0
240	325	0.0
324	262	0.0
276	252	0.0
224	229	0.0
103	207	0.0
163	290	0.0
118	101	0.0
305	18	0.0
83	279	0.0
42	276	0.0
109	54	0.0
78	15	0.0
289	152	0.0
12	278	0.0
103	164	0.0
31	97	0.0
120	44	0.0
295	23	0.0
327	235	0.0
97	103	0.0
172	83	0.0
324	92	0.0
137	249	0.0
294	311	0.0
149	268	0.0
328	101	0.0
46	44	0.0
16	212	0.0
4	311	0.0
289	197	0.0
208	312	0.0
267	36	0.0
266	114	0.0
285	263	0.0
143	290	0.0
173	250	0.0
212	152	0.0
308	115	0.0
150	326	0.0
291	265	0.0
255	219	0.0
141	296	0.0
146	294	0.0
243	267	0.0
15	69	0.0
241	209	0.0
327	255	0.0
295	59	0.0
48	195	0.0
302	115	0.0
218	182	0.0
26	27	0.0
109	116	1.0
327	33	0.0
188	95	0.0
131	312	0.0
117	86	0.0
324	88	0.0
218	102	0.0
308	22	0.0
142	291	0.0
289	101	0.0
91	14	0.0
118	177	0.0
305	207	0.0
254	160	0.0
268	27	0.0
217	291	0.0
301	106	0.0
74	226	0.0
151	262	0.0
318	38	0.0
150	116	0.0
143	321	0.0
280	195	0.0
78	39	0.0
132	30	0.0
37	89	0.0
280	135	0.0
268	182	0.0
107	195	0.0
163	199	0.0
218	38	0.0
102	83	0.0
166	30	0.0
280	34	0.0
289	20	0.0
185	174	0.0
44	47	0.0
158	172	0.0
109	283	0.0
25	148	0.0
321	210	0.0
151	157	1.0
280	4	0.0
80	191	0.0
49	222	0.0
25	326	0.0
224	26	0.0
173	136	0.0
208	26	0.0
132	222	0.0
283	145	0.0
241	120	0.0
80	177	0.0
222	296	0.0
316	198	0.0
252	114	0.0
220	34	0.0
118	220	0.0
217	18	0.0
33	174	0.0
24	7	0.0
163	200	0.0
131	325	0.0
268	327	0.0
7	181	0.0
135	67	0.0
120	231	0.0
202	289	0.0
204	83	0.0
264	74	0.0
146	144	0.0
56	182	0.0
46	67	0.0
302	272	0.0
74	39	0.0
200	197	0.0
78	54	0.0
19	278	0.0
300	262	0.0
31	321	0.0
269	200	0.0
207	278	0.0
183	177	0.0
241	77	0.0
15	74	0.0
220	249	0.0
114	265	0.0
63	177	0.0
267	272	0.0
321	67	0.0
306	226	0.0
16	185	0.0
97	157	0.0
227	310	0.0
191	286	0.0
158	303	0.0
141	122	0.0
289	148	0.0
92	167	0.0
38	316	0.0
28	19	0.0
159	114	0.0
150	303	0.0
37	82	0.0
26	195	0.0
212	326	0.0
288	12	0.0
140	108	0.0
24	254	0.0
104	292	0.0
325	210	0.0
34	296	0.0
150	209	0.0
227	300	0.0
136	323	0.0
80	75	0.0
228	199	0.0
89	229	0.0
57	14	0.0
177	1	0.0
120	145	0.0
24	36	0.0
316	74	0.0
37	41	0.0
170	287	0.0
288	264	0.0
56	224	0.0
231	312	0.0
137	248	0.0
321	312	0.0
238	44	0.0
302	120	0.0
7	166	0.0
328	71	0.0
41	210	0.0
313	14	0.0
109	291	0.0
77	95	0.0
220	75	0.0
95	219	0.0
30	63	0.0
254	209	0.0
321	75	0.0
282	292	0.0
164	325	0.0
241	95	0.0
212	288	0.0
183	54	0.0
16	316	0.0
71	20	0.0
135	138	0.0
191	181	0.0
202	269	0.0
104	186	0.0
328	200	0.0
107	219	0.0
327	39	0.0
48	271	0.0
49	271	0.0
47	138	0.0
143	208	0.0
51	305	0.0
49	267	0.0
173	166	0.0
185	142	0.0
306	80	0.0
132	19	0.0
201	14	0.0
259	268	0.0
59	294	0.0
136	210	0.0
4	1	0.0
263	59	0.0
247	279	0.0
102	91	0.0
38	310	0.0
137	313	0.0
2	24	0.0
7	38	0.0
278	177	0.0
152	108	0.0
82	294	0.0
124	167	0.0
109	321	0.0
15	252	0.0
288	285	0.0
217	27	0.0
248	23	0.0
220	228	0.0
302	33	0.0
283	222	0.0
3	122	0.0
75	312	0.0
243	86	0.0
148	114	0.0
318	135	0.0
28	240	0.0
268	279	0.0
305	75	0.0
103	71	0.0
227	186	0.0
295	273	0.0
69	108	0.0
150	152	1.0
270	41	0.0
24	83	0.0
31	243	0.0
280	63	0.0
109	273	0.0
217	248	0.0
46	278	0.0
218	71	0.0
253	278	0.0
115	186	0.0
92	23	0.0
202	36	0.0
44	1	0.0
99	20	0.0
273	306	0.0
37	316	0.0
91	1	0.0
288	41	0.0
283	249	0.0
166	59	0.0
30	160	0.0
44	92	0.0
263	83	0.0
252	41	0.0
136	95	0.0
282	46	0.0
109	243	0.0
251	113	0.0
97	316	0.0
263	272	0.0
188	89	0.0
318	227	0.0
290	140	0.0
241	44	0.0
150	174	0.0
280	316	0.0
51	31	0.0
143	61	0.0
280	312	0.0
287	108	0.0
327	106	0.0
289	198	0.0
132	186	0.0
304	195	0.0
193	164	0.0
15	56	0.0
54	287	0.0
148	57	0.0
97	199	0.0
269	294	0.0
46	39	0.0
61	235	0.0
7	48	0.0
109	255	0.0
302	92	0.0
131	227	0.0
188	177	0.0
217	33	0.0
16	131	0.0
98	71	0.0
280	167	0.0
146	224	0.0
25	141	0.0
318	263	0.0
74	33	0.0
122	63	0.0
61	181	0.0
67	14	0.0
22	291	0.0
138	198	0.0
285	140	0.0
38	39	0.0
254	164	0.0
276	207	0.0
321	59	0.0
24	226	0.0
269	249	0.0
270	231	0.0
282	103	0.0
51	219	0.0
103	310	0.0
276	132	0.0
247	151	0.0
89	245	0.0
302	177	0.0
292	145	0.0
77	181	0.0
145	91	0.0
42	202	0.0
48	255	0.0
295	181	0.0
295	262	0.0
28	27	0.0
149	231	0.0
146	200	0.0
247	74	0.0
321	265	0.0
145	252	0.0
135	114	0.0
18	26	0.0
240	160	0.0
306	145	0.0
302	30	0.0
267	303	0.0
209	325	0.0
7	210	0.0
75	300	0.0
143	310	0.0
268	28	0.0
302	310	0.0
270	28	0.0
64	245	0.0
135	235	0.0
59	1	0.0
16	208	0.0
22	160	0.0
131	300	0.0
326	226	0.0
24	185	0.0
122	82	0.0
102	325	0.0
92	312	0.0
270	47	0.0
69	300	0.0
44	311	0.0
51	210	0.0
23	195	0.0
37	227	0.0
273	193	0.0
64	292	0.0
22	249	0.0
285	306	0.0
173	323	0.0
269	186	0.0
247	3	0.0
61	262	0.0
57	19	0.0
272	142	0.0
308	144	0.0
166	48	0.0
158	145	0.0
282	64	0.0
254	222	0.0
15	264	0.0
31	106	0.0
30	291	0.0
207	294	0.0
37	102	0.0
56	77	0.0
324	288	0.0
3	77	0.0
312	262	0.0
25	240	0.0
220	44	0.0
269	231	0.0
308	83	0.0
4	88	0.0
247	268	0.0
247	114	0.0
138	222	0.0
316	240	0.0
99	200	0.0
18	1	0.0
117	136	0.0
99	229	0.0
7	306	0.0
218	157	0.0
103	306	0.0
324	141	0.0
306	160	0.0
301	158	0.0
115	142	0.0
310	47	0.0
59	219	0.0
312	201	0.0
99	272	0.0
24	107	0.0
204	115	0.0
46	217	0.0
305	167	0.0
254	69	0.0
150	259	0.0
109	144	0.0
302	218	0.0
268	222	0.0
78	83	0.0
210	291	0.0
30	262	0.0
202	226	0.0
157	200	0.0
150	245	0.0
267	83	0.0
115	229	0.0
266	198	0.0
266	245	0.0
202	198	0.0
212	148	0.0
118	278	0.0
51	135	0.0
173	304	0.0
150	95	0.0
251	188	0.0
209	204	0.0
173	226	0.0
149	54	0.0
254	326	0.0
37	107	0.0
28	36	0.0
104	59	0.0
327	299	0.0
158	289	0.0
288	64	0.0
241	104	0.0
63	265	0.0
56	177	0.0
276	160	0.0
41	287	0.0
22	148	0.0
324	308	0.0
51	201	0.0
328	144	0.0
97	151	0.0
61	177	0.0
20	262	0.0
305	283	0.0
300	265	0.0
2	229	0.0
185	4	0.0
198	279	0.0
159	15	0.0
208	91	0.0
253	27	0.0
98	12	0.0
144	148	0.0
241	181	0.0
16	140	0.0
252	304	0.0
49	170	0.0
38	325	0.0
302	308	0.0
78	158	0.0
251	316	0.0
109	272	0.0
273	228	0.0
185	249	0.0
310	222	0.0
31	15	0.0
42	89	0.0
77	204	0.0
102	88	0.0
136	18	0.0
118	286	0.0
285	27	0.0
228	186	0.0
245	108	0.0
328	61	0.0
92	195	0.0
15	107	0.0
302	250	0.0
64	248	0.0
150	157	1.0
183	149	0.0
42	132	0.0
249	41	0.0
269	313	0.0
172	303	0.0
23	174	0.0
312	294	0.0
238	69	0.0
131	326	0.0
150	101	0.0
324	113	0.0
37	91	0.0
137	327	0.0
71	250	0.0
188	136	0.0
181	23	0.0
54	89	0.0
172	19	0.0
55	210	0.0
41	278	0.0
259	181	0.0
266	151	0.0
124	207	0.0
212	15	0.0
328	80	0.0
118	222	0.0
