148	131	0.0
57	313	1.0
267	249	0.0
304	208	0.0
186	193	0.0
103	204	0.0
217	46	0.0
316	160	0.0
30	143	1.0
144	159	0.0
108	236	0.0
148	326	0.0
316	38	0.0
61	19	0.0
145	30	1.0
157	282	0.0
131	288	0.0
231	98	0.0
174	14	0.0
63	231	0.0
34	3	0.0
136	12	0.0
198	197	0.0
252	101	0.0
265	164	0.0
101	247	0.0
202	49	0.0
303	197	0.0
177	291	1.0
265	38	0.0
294	193	0.0
142	212	0.0
231	253	0.0
191	4	0.0
243	202	0.0
198	104	0.0
249	324	0.0
103	251	0.0
193	247	0.0
228	146	0.0
278	54	0.0
304	294	0.0
186	198	0.0
23	247	0.0
272	220	0.0
37	208	0.0
265	207	0.0
311	231	0.0
181	185	0.0
236	218	0.0
217	318	0.0
286	24	0.0
71	247	0.0
304	259	0.0
328	302	0.0
82	290	0.0
142	164	0.0
34	145	0.0
101	80	0.0
273	208	0.0
177	160	1.0
74	324	0.0
115	191	0.0
164	321	0.0
83	324	0.0
191	247	0.0
142	137	0.0
235	236	0.0
131	183	0.0
305	321	0.0
198	37	0.0
226	288	0.0
142	19	0.0
236	24	0.0
272	164	0.0
177	42	1.0
30	193	1.0
74	4	0.0
229	34	1.0
236	106	0.0
164	318	0.0
286	164	0.0
142	146	0.0
14	34	1.0
218	143	0.0
103	28	0.0
323	204	0.0
98	78	0.0
67	316	1.0
299	218	0.0
236	193	0.0
91	22	0.0
193	104	0.0
198	74	0.0
285	104	0.0
316	71	0.0
131	46	0.0
34	16	0.0
80	321	0.0
243	269	0.0
4	18	0.0
264	253	0.0
303	212	0.0
186	71	0.0
71	55	0.0
102	299	0.0
304	30	0.0
321	78	0.0
209	24	1.0
177	137	0.0
135	204	0.0
270	204	0.0
148	181	0.0
303	193	0.0
186	30	1.0
303	208	0.0
267	247	0.0
164	98	1.0
219	231	0.0
89	299	0.0
143	37	0.0
191	302	0.0
301	280	0.0
197	218	0.0
303	124	0.0
186	299	0.0
160	55	0.0
278	202	0.0
30	49	0.0
142	92	0.0
20	137	0.0
228	212	1.0
280	204	0.0
200	191	0.0
44	104	0.0
57	321	0.0
302	137	0.0
222	27	0.0
107	208	0.0
103	302	0.0
323	137	0.0
312	34	0.0
115	202	0.0
265	191	0.0
303	74	0.0
247	143	0.0
249	202	0.0
279	64	0.0
236	117	0.0
20	28	0.0
132	151	0.0
303	3	0.0
164	188	0.0
252	249	0.0
18	218	0.0
30	106	0.0
294	236	0.0
310	191	0.0
286	202	0.0
222	259	0.0
117	24	0.0
271	191	0.0
294	80	0.0
286	34	0.0
12	46	1.0
236	212	1.0
291	25	0.0
166	157	0.0
303	268	0.0
222	78	0.0
80	283	0.0
148	296	0.0
193	143	0.0
199	131	0.0
89	24	0.0
204	202	0.0
185	318	0.0
195	16	0.0
219	1	0.0
164	25	0.0
30	259	0.0
30	198	1.0
303	101	0.0
149	202	0.0
267	301	0.0
34	38	0.0
304	198	0.0
41	80	0.0
286	268	0.0
311	248	0.0
57	183	0.0
219	37	0.0
122	231	0.0
247	202	0.0
144	170	0.0
101	243	0.0
278	69	0.0
57	185	0.0
164	264	1.0
301	302	0.0
324	241	1.0
20	37	0.0
182	204	0.0
38	55	0.0
30	212	0.0
34	305	0.0
167	191	0.0
291	104	0.0
294	143	0.0
294	212	0.0
57	38	0.0
74	255	0.0
108	313	0.0
252	193	0.0
164	54	1.0
288	7	0.0
219	143	0.0
312	299	0.0
142	323	0.0
34	30	0.0
197	208	0.0
210	137	0.0
299	80	0.0
249	318	0.0
107	101	0.0
316	164	0.0
303	164	0.0
259	318	0.0
117	146	0.0
103	290	0.0
226	318	0.0
174	160	1.0
311	212	0.0
30	236	1.0
312	231	0.0
202	251	0.0
14	38	0.0
101	259	0.0
101	212	0.0
104	251	0.0
271	231	0.0
202	285	0.0
262	204	0.0
248	39	0.0
270	212	0.0
63	313	1.0
262	316	0.0
236	273	0.0
303	231	0.0
202	220	0.0
302	202	0.0
82	324	0.0
286	132	0.0
191	28	0.0
22	247	0.0
304	74	0.0
212	37	1.0
197	143	0.0
41	104	0.0
191	290	0.0
177	292	1.0
294	273	0.0
200	146	0.0
23	324	0.0
262	222	0.0
177	30	0.0
67	97	0.0
191	270	0.0
226	271	0.0
102	167	0.0
95	321	0.0
198	101	0.0
286	200	0.0
240	30	1.0
148	74	0.0
177	25	0.0
117	259	0.0
167	301	0.0
177	185	1.0
34	164	0.0
102	228	0.0
219	186	0.0
27	38	0.0
71	109	0.0
82	61	0.0
30	208	1.0
167	22	0.0
25	204	0.0
61	302	0.0
226	313	1.0
18	202	0.0
177	24	0.0
310	185	0.0
279	327	0.0
262	103	0.0
300	146	1.0
311	30	0.0
228	202	0.0
248	208	0.0
316	202	1.0
312	240	1.0
200	247	0.0
75	120	0.0
296	202	0.0
279	75	0.0
77	202	0.0
149	204	0.0
272	285	0.0
92	191	0.0
67	231	0.0
1	323	0.0
164	288	0.0
219	312	0.0
210	38	0.0
167	132	0.0
56	120	0.0
34	208	0.0
323	290	0.0
265	122	0.0
30	238	1.0
222	164	1.0
34	306	0.0
101	296	0.0
249	289	0.0
142	25	0.0
255	212	0.0
240	299	0.0
102	151	0.0
19	249	0.0
300	193	0.0
228	301	0.0
102	200	1.0
92	167	0.0
145	101	0.0
34	313	0.0
226	231	0.0
142	280	0.0
236	80	0.0
25	318	0.0
252	202	0.0
231	77	0.0
164	305	0.0
313	202	1.0
108	316	0.0
1	212	1.0
23	137	0.0
142	4	0.0
311	198	0.0
167	16	0.0
174	24	0.0
268	104	0.0
250	202	0.0
304	318	0.0
304	321	0.0
82	137	0.0
41	34	0.0
253	143	0.0
248	80	0.0
201	202	0.0
30	31	0.0
249	251	0.0
101	283	0.0
103	270	0.0
80	143	0.0
92	103	0.0
188	285	0.0
248	270	0.0
198	99	0.0
83	227	0.0
177	16	0.0
296	217	0.0
231	204	0.0
303	288	1.0
286	25	0.0
14	240	0.0
198	218	0.0
283	288	0.0
310	289	0.0
160	97	0.0
204	251	0.0
278	321	0.0
117	321	0.0
91	202	0.0
71	69	0.0
14	143	0.0
177	199	0.0
222	253	0.0
240	218	0.0
188	269	0.0
231	202	0.0
283	3	0.0
299	198	0.0
174	163	0.0
313	268	0.0
313	318	0.0
157	202	0.0
286	146	0.0
149	24	0.0
262	38	0.0
294	107	0.0
26	157	1.0
102	202	0.0
18	131	0.0
174	255	0.0
104	137	0.0
207	172	0.0
318	46	0.0
101	208	0.0
198	212	0.0
131	148	0.0
313	57	1.0
249	267	0.0
208	304	0.0
193	186	0.0
204	103	0.0
46	217	0.0
160	316	0.0
143	30	1.0
159	144	0.0
236	108	0.0
326	148	0.0
38	316	0.0
19	61	0.0
30	145	1.0
282	157	0.0
288	131	0.0
98	231	0.0
14	174	0.0
231	63	0.0
3	34	0.0
12	136	0.0
197	198	0.0
101	252	0.0
164	265	0.0
247	101	0.0
49	202	0.0
197	303	0.0
291	177	1.0
38	265	0.0
193	294	0.0
212	142	0.0
253	231	0.0
4	191	0.0
202	243	0.0
104	198	0.0
324	249	0.0
251	103	0.0
247	193	0.0
146	228	0.0
54	278	0.0
294	304	0.0
198	186	0.0
247	23	0.0
220	272	0.0
208	37	0.0
207	265	0.0
231	311	0.0
185	181	0.0
218	236	0.0
318	217	0.0
24	286	0.0
247	71	0.0
259	304	0.0
302	328	0.0
290	82	0.0
164	142	0.0
145	34	0.0
80	101	0.0
208	273	0.0
160	177	1.0
324	74	0.0
191	115	0.0
321	164	0.0
324	83	0.0
247	191	0.0
137	142	0.0
236	235	0.0
183	131	0.0
321	305	0.0
37	198	0.0
288	226	0.0
19	142	0.0
24	236	0.0
164	272	0.0
42	177	1.0
193	30	1.0
4	74	0.0
34	229	1.0
106	236	0.0
318	164	0.0
164	286	0.0
146	142	0.0
34	14	1.0
143	218	0.0
28	103	0.0
204	323	0.0
78	98	0.0
316	67	1.0
218	299	0.0
193	236	0.0
22	91	0.0
104	193	0.0
74	198	0.0
104	285	0.0
71	316	0.0
46	131	0.0
16	34	0.0
321	80	0.0
269	243	0.0
18	4	0.0
253	264	0.0
212	303	0.0
71	186	0.0
55	71	0.0
299	102	0.0
30	304	0.0
78	321	0.0
24	209	1.0
137	177	0.0
204	135	0.0
204	270	0.0
181	148	0.0
193	303	0.0
30	186	1.0
208	303	0.0
247	267	0.0
98	164	1.0
231	219	0.0
299	89	0.0
37	143	0.0
302	191	0.0
280	301	0.0
218	197	0.0
124	303	0.0
299	186	0.0
55	160	0.0
202	278	0.0
49	30	0.0
92	142	0.0
137	20	0.0
212	228	1.0
204	280	0.0
191	200	0.0
104	44	0.0
321	57	0.0
137	302	0.0
27	222	0.0
208	107	0.0
302	103	0.0
137	323	0.0
34	312	0.0
202	115	0.0
191	265	0.0
74	303	0.0
143	247	0.0
202	249	0.0
64	279	0.0
117	236	0.0
28	20	0.0
151	132	0.0
3	303	0.0
188	164	0.0
249	252	0.0
218	18	0.0
106	30	0.0
236	294	0.0
191	310	0.0
202	286	0.0
259	222	0.0
24	117	0.0
191	271	0.0
80	294	0.0
34	286	0.0
46	12	1.0
212	236	1.0
25	291	0.0
157	166	0.0
268	303	0.0
78	222	0.0
283	80	0.0
296	148	0.0
143	193	0.0
131	199	0.0
24	89	0.0
202	204	0.0
318	185	0.0
16	195	0.0
1	219	0.0
25	164	0.0
259	30	0.0
198	30	1.0
101	303	0.0
202	149	0.0
301	267	0.0
38	34	0.0
198	304	0.0
80	41	0.0
268	286	0.0
248	311	0.0
183	57	0.0
37	219	0.0
231	122	0.0
202	247	0.0
170	144	0.0
243	101	0.0
69	278	0.0
185	57	0.0
264	164	1.0
302	301	0.0
241	324	1.0
37	20	0.0
204	182	0.0
55	38	0.0
212	30	0.0
305	34	0.0
191	167	0.0
104	291	0.0
143	294	0.0
212	294	0.0
38	57	0.0
255	74	0.0
313	108	0.0
193	252	0.0
54	164	1.0
7	288	0.0
143	219	0.0
299	312	0.0
323	142	0.0
30	34	0.0
208	197	0.0
137	210	0.0
80	299	0.0
318	249	0.0
101	107	0.0
164	316	0.0
164	303	0.0
318	259	0.0
146	117	0.0
290	103	0.0
318	226	0.0
160	174	1.0
212	311	0.0
236	30	1.0
231	312	0.0
251	202	0.0
38	14	0.0
259	101	0.0
212	101	0.0
251	104	0.0
231	271	0.0
285	202	0.0
204	262	0.0
39	248	0.0
212	270	0.0
313	63	1.0
316	262	0.0
273	236	0.0
231	303	0.0
220	202	0.0
202	302	0.0
324	82	0.0
132	286	0.0
28	191	0.0
247	22	0.0
74	304	0.0
37	212	1.0
143	197	0.0
104	41	0.0
290	191	0.0
292	177	1.0
273	294	0.0
146	200	0.0
324	23	0.0
222	262	0.0
30	177	0.0
97	67	0.0
270	191	0.0
271	226	0.0
167	102	0.0
321	95	0.0
101	198	0.0
200	286	0.0
30	240	1.0
74	148	0.0
25	177	0.0
259	117	0.0
301	167	0.0
185	177	1.0
164	34	0.0
228	102	0.0
186	219	0.0
38	27	0.0
109	71	0.0
61	82	0.0
208	30	1.0
22	167	0.0
204	25	0.0
302	61	0.0
313	226	1.0
202	18	0.0
24	177	0.0
185	310	0.0
327	279	0.0
103	262	0.0
146	300	1.0
30	311	0.0
202	228	0.0
208	248	0.0
202	316	1.0
240	312	1.0
247	200	0.0
120	75	0.0
202	296	0.0
75	279	0.0
202	77	0.0
204	149	0.0
285	272	0.0
191	92	0.0
231	67	0.0
323	1	0.0
288	164	0.0
312	219	0.0
38	210	0.0
132	167	0.0
120	56	0.0
208	34	0.0
290	323	0.0
122	265	0.0
238	30	1.0
164	222	1.0
306	34	0.0
296	101	0.0
289	249	0.0
25	142	0.0
212	255	0.0
299	240	0.0
151	102	0.0
249	19	0.0
193	300	0.0
301	228	0.0
200	102	1.0
167	92	0.0
101	145	0.0
313	34	0.0
231	226	0.0
280	142	0.0
80	236	0.0
318	25	0.0
202	252	0.0
77	231	0.0
305	164	0.0
202	313	1.0
316	108	0.0
212	1	1.0
137	23	0.0
4	142	0.0
198	311	0.0
16	167	0.0
24	174	0.0
104	268	0.0
202	250	0.0
318	304	0.0
321	304	0.0
137	82	0.0
34	41	0.0
143	253	0.0
80	248	0.0
202	201	0.0
31	30	0.0
251	249	0.0
283	101	0.0
270	103	0.0
143	80	0.0
103	92	0.0
285	188	0.0
270	248	0.0
99	198	0.0
227	83	0.0
16	177	0.0
217	296	0.0
204	231	0.0
288	303	1.0
25	286	0.0
240	14	0.0
218	198	0.0
288	283	0.0
289	310	0.0
97	160	0.0
251	204	0.0
321	278	0.0
321	117	0.0
202	91	0.0
69	71	0.0
143	14	0.0
199	177	0.0
253	222	0.0
218	240	0.0
269	188	0.0
202	231	0.0
3	283	0.0
198	299	0.0
163	174	0.0
268	313	0.0
318	313	0.0
202	157	0.0
146	286	0.0
24	149	0.0
38	262	0.0
107	294	0.0
157	26	1.0
202	102	0.0
131	18	0.0
255	174	0.0
137	104	0.0
172	207	0.0
46	318	0.0
208	101	0.0
212	198	0.0
